        Frequency / MHz                Antenna radiation efficiency/abs,dB
----------------------------------------------------------------------
                      50                      -6.2767605
                      60                      -2.9777186
                      70                      -0.3874285
                      80                     -0.32437134
                      90                     -0.17694623
                     100                    -0.022367406
                     110                    -0.029248356
                     120                    -0.030349481
                     130                    -0.096128266
                     140                    -0.098129122
                     150                     -0.12164011
                     160                     -0.17318764
                     170                     -0.12292431
                     180                    -0.078220549
                     190                     -0.11292705
                     200                    -0.084491419
                     210                    -0.057377292
                     220                    -0.048163076
                     230                     -0.13752895
                     240                    -0.070890764
                     250                    -0.029150095

