                        Measurements/real
----------------------------------------------------------------------
                      10                      -10.246779
                   10.29                      -2.1713549
                   10.58                       4.6296215
                   10.87                         10.3467
                   11.16                       15.139048
                   11.45                       19.140187
                   11.74                       13.305712
                   12.03                        7.937866
                   12.32                       2.9866963
                   12.61                      -1.5911609
                    12.9                      -5.8335021
                   13.19                     -0.26022338
                   13.48                       4.8126709
                   13.77                        9.427742
                   14.06                       13.623623
                   14.35                       17.435409
                   14.64                       11.847647
                   14.93                       6.6153085
                   15.22                       1.7096544
                   15.51                      -2.8952505
                    15.8                      -7.2228544
                   16.09                      -4.5257694
                   16.38                      -2.0351862
                   16.67                      0.26319253
                   16.96                       2.3825856
                   17.25                       4.3352228
                   17.54                        4.516812
                   17.83                       4.6564964
                   18.12                       4.7571747
                   18.41                       4.8215414
                    18.7                       4.8521031
                   18.99                     -0.66911378
                   19.28                      -5.8842351
                   19.57                      -10.813678
                   19.86                      -15.476269
                   20.15                      -19.889382
                   20.44                      -11.985421
                   20.73                      -4.6669896
                   21.02                       2.1020246
                   21.31                       8.3560558
                    21.6                       14.127832
                   21.89                       10.104353
                   22.18                       6.3013757
                   22.47                       2.7029321
                   22.76                     -0.70552669
                   23.05                      -3.9372783
                   23.34                      -1.7088987
                   23.63                      0.43528906
                   23.92                       2.4979737
                   24.21                       4.4817664
                    24.5                       6.3892017
                   24.79                       5.1089693
                   25.08                       3.8440237
                   25.37                       2.5955814
                   25.66                       1.3646033
                   25.95                      0.15183401
                   26.24                      0.15912857
                   26.53                      0.16566587
                   26.82                      0.17143671
                   27.11                      0.17643179
                    27.4                      0.18064172
                   27.69                       1.1009475
                   27.98                       1.9132468
                   28.27                       2.6258709
                   28.56                       3.2464814
                   28.85                       3.7821282
                   29.14                       0.8356609
                   29.43                      -2.0214819
                   29.72                      -4.7924566
                   30.01                       -7.480296
                    30.3                      -10.087915
                   30.59                      -5.3621149
                   30.88                     -0.88757775
                   31.17                       3.3438776
                   31.46                       7.3405511
                   31.75                       11.110806
                   32.04                        8.217768
                   32.33                       5.4246005
                   32.62                       2.7270137
                   32.91                      0.12093398
                    33.2                      -2.3975087
                   33.49                     -0.95481094
                   33.78                       0.4342201
                   34.07                       1.7711011
                   34.36                       3.0573149
                   34.65                       4.2943106
                   34.94                       3.3113268
                   35.23                       2.3396181
                   35.52                       1.3794857
                   35.81                      0.43116731
                    36.1                     -0.50515467
                   36.39                     0.055698239
                   36.68                      0.62178079
                   36.97                       1.1931593
                   37.26                       1.7699012
                   37.55                       2.3520748
                   37.84                       2.2303525
                   38.13                       2.0658133
                   38.42                       1.8624263
                   38.71                       1.6238165
                      39                       1.3532963
                   39.29                     -0.32119688
                   39.58                      -1.9669267
                   39.87                      -3.5844255
                   40.16                      -5.1742163
                   40.45                      -6.7368136
                   40.74                      -3.4783501
                   41.03                     -0.40189878
                   41.32                       2.4981657
                   41.61                       5.2275989
                    41.9                       7.7922434
                   42.19                       5.8753639
                   42.48                       4.0023757
                   42.77                       2.1720791
                   43.06                      0.38331021
                   43.35                      -1.3650599
                   43.64                     -0.11382343
                   43.93                       1.0862948
                   44.22                       2.2366608
                   44.51                        3.338622
                    44.8                       4.3935062
                   45.09                        3.246544
                   45.38                       2.1245095
                   45.67                       1.0265988
                   45.96                     -0.04795768
                   46.25                      -1.0998973
                   46.54                     -0.50341519
                   46.83                     0.088871907
                   47.12                      0.67695892
                   47.41                       1.2608412
                    47.7                       1.8405147
                   47.99                       1.6479812
                   48.28                       1.4357213
                   48.57                       1.2051927
                   48.86                      0.95775728
                   49.15                      0.69468824
                   49.44                     -0.43642513
                   49.73                      -1.5643255
                   50.02                      -2.6889102
                   50.31                      -3.8100788
                    50.6                      -4.9277326
                   50.89                      -2.8831638
                   51.18                     -0.93416098
                   51.47                      0.92123554
                   51.76                       2.6850782
                   52.05                        4.359498
                   52.34                       2.9361065
                   52.63                       1.5490499
                   52.92                      0.19700406
                   53.21                      -1.1212937
                    53.5                      -2.4070475
                   53.79                     -0.94637689
                   54.08                      0.49667795
                   54.37                        1.921739
                   54.66                       3.3284439
                   54.95                       4.7164464
                   55.24                       3.8889472
                   55.53                       3.0600407
                   55.82                       2.2310323
                   56.11                       1.4030787
                    56.4                      0.57720257
                   56.69                      0.91479895
                   56.98                       1.2538485
                   57.27                       1.5943582
                   57.56                       1.9363349
                   57.85                       2.2797855
                   58.14                       2.0881623
                   58.43                       1.8728501
                   58.72                       1.6356336
                   59.01                       1.3781807
                    59.3                       1.1020503
                   59.59                      0.33202239
                   59.88                      -0.4304078
                   60.17                      -1.1853225
                   60.46                      -1.9328033
                   60.75                      -2.6729309
                   61.04                      -1.5990358
                   61.33                     -0.58161827
                   61.62                      0.38069964
                   61.91                       1.2893151
                    62.2                       2.1456395
                   62.49                       1.1013197
                   62.78                     0.077766689
                   63.07                     -0.92562419
                   63.36                      -1.9094346
                   63.65                      -2.8742243
                   63.94                      -1.4732971
                   64.23                    -0.094866076
                   64.52                       1.2604354
                   64.81                        2.592004
                    65.1                       3.8992667
                   65.39                       3.1994211
                   65.68                       2.4954437
                   65.97                       1.7884681
                   66.26                         1.07952
                   66.55                      0.36952689
                   66.84                      0.93451204
                   67.13                       1.4983772
                   67.42                       2.0610727
                   67.71                       2.6225488
                      68                       3.1827555
                   68.29                        3.249258
                   68.58                       3.2833015
                   68.87                       3.2866491
                   69.16                       3.2609866
                   69.45                       3.2079258
                   69.74                       2.6576075
                   70.03                       2.1129405
                   70.32                       1.5738404
                   70.61                       1.0402242
                    70.9                      0.51201102
                   71.19                       1.3583501
                   71.48                       2.1625766
                   71.77                       2.9252275
                   72.06                       3.6468843
                   72.35                       4.3281689
                   72.64                       3.8085459
                   72.93                       3.2927111
                   73.22                       2.7806636
                   73.51                       2.2724005
                    73.8                       1.7679168
                   74.09                       2.4852365
                   74.38                       3.1872325
                   74.67                       3.8737739
                   74.96                       4.5447418
                   75.25                       5.2000294
                   75.54                       4.8115208
                   75.83                       4.4024607
                   76.12                       3.9746255
                   76.41                       3.5296779
                    76.7                        3.069173
                   76.99                       3.3490477
                   77.28                       3.6256037
                   77.57                       3.8988323
                   77.86                        4.168725
                   78.15                       4.4352743
                   78.44                       4.4981257
                   78.73                       4.5232229
                   79.02                       4.5124305
                   79.31                       4.4675605
                    79.6                       4.3903708
                   79.89                       4.0210743
                   80.18                       3.6517468
                   80.47                       3.2824792
                   80.76                       2.9133581
                   81.05                       2.5444662
                   81.34                       3.0890081
                   81.63                       3.5912503
                   81.92                        4.051809
                   82.21                       4.4713574
                    82.5                       4.8506215
                   82.79                       4.4275961
                   83.08                       3.9928552
                   83.37                       3.5473418
                   83.66                       3.0919494
                   83.95                       2.6275243
                   84.24                       3.2663123
                   84.53                       3.8630689
                   84.82                       4.4177909
                   85.11                       4.9305622
                    85.4                       5.4015509
                   85.69                       5.4178692
                   85.98                       5.3814589
                   86.27                       5.2947918
                   86.56                       5.1603334
                   86.85                       4.9805314
                   87.14                       5.4565051
                   87.43                       5.9015137
                   87.72                       6.3154144
                   88.01                       6.6981165
                    88.3                       7.0495812
                   88.59                       7.5914942
                   88.88                       8.0489732
                   89.17                       8.4225255
                   89.46                       8.7130076
                   89.75                       8.9216074
                   90.04                       9.4275379
                   90.33                       9.8795865
                   90.62                       10.277196
                   90.91                        10.61997
                    91.2                       10.907674
                   91.49                        12.18975
                   91.78                        13.38358
                   92.07                       14.481825
                   92.36                       15.477421
                   92.65                       16.363675
                   92.94                       17.963703
                   93.23                       19.532969
                   93.52                       21.064808
                   93.81                       22.552125
                    94.1                       23.987405
                   94.39                       26.588108
                   94.68                       29.260373
                   94.97                       32.003611
                   95.26                       34.816568
                   95.55                       37.697176
                   95.84                       40.436394
                   96.13                       43.285955
                   96.42                       46.252607
                   96.71                       49.343656
                      97                       52.567022
                   97.29                       54.516689
                   97.58                       56.491863
                   97.87                       58.491641
                   98.16                        60.51496
                   98.45                       62.560568
                   98.74                       62.599709
                   99.03                       62.631518
                   99.32                       62.655983
                   99.61                       62.673093
                    99.9                       62.682841
                  100.19                       63.171097
                  100.48                        63.65992
                  100.77                       64.149274
                  101.06                        64.63912
                  101.35                       65.129419
                  101.64                       64.812891
                  101.93                       64.497231
                  102.22                       64.182437
                  102.51                       63.868509
                   102.8                       63.555446
                  103.09                       63.232244
                  103.38                       62.886411
                  103.67                       62.518371
                  103.96                       62.128564
                  104.25                       61.717438
                  104.54                       62.166935
                  104.83                       62.577214
                  105.12                       62.947156
                  105.41                       63.275679
                   105.7                       63.561747
                  105.99                       64.652091
                  106.28                        65.71083
                  106.57                       66.735136
                  106.86                       67.722082
                  107.15                        68.66865
                  107.44                       70.346565
                  107.73                       72.009916
                  108.02                       73.654743
                  108.31                       75.276756
                   108.6                       76.871321
                  108.89                        79.37455
                  109.18                       81.921766
                  109.47                       84.512067
                  109.76                       87.144236
                  110.05                       89.816698
                  110.34                       93.307636
                  110.63                       96.918239
                  110.92                       100.65395
                  111.21                       104.52044
                   111.5                       108.52365
                  111.79                       113.13446
                  112.08                       117.95365
                  112.37                       122.99566
                  112.66                       128.27629
                  112.95                       133.81288
                  113.24                       139.58933
                  113.53                       145.64393
                  113.82                        151.9962
                  114.11                       158.66737
                   114.4                       165.68064
                  114.69                       172.93804
                  114.98                       180.49339
                  115.27                       188.35576
                  115.56                       196.53298
                  115.85                       205.03121
                  116.14                       212.36067
                  116.43                       219.76738
                  116.72                       227.22194
                  117.01                       234.68937
                   117.3                       242.12853
                  117.59                       247.35877
                  117.88                       252.04771
                  118.17                       256.12152
                  118.46                       259.50822
                  118.75                       262.13963
                  119.04                       260.83726
                  119.33                        258.7708
                  119.62                       255.96157
                  119.91                       252.43992
                   120.2                       248.24432
                  120.49                       240.02855
                  120.78                       231.58193
                  121.07                        222.9811
                  121.36                       214.29482
                  121.65                       205.58387
                  121.94                       196.01544
                  122.23                       186.80131
                  122.52                       177.94062
                  122.81                       169.42927
                   123.1                       161.26065
                  123.39                       153.97023
                  123.68                       147.05522
                  123.97                       140.48867
                  124.26                       134.24602
                  124.55                       128.30488
                  124.84                       123.32276
                  125.13                       118.55067
                  125.42                        113.9758
                  125.71                       109.58631
                     126                       105.37132
                  126.29                       102.76176
                  126.58                        100.1758
                  126.87                        97.61674
                  127.16                       95.087354
                  127.45                       92.589929
                  127.74                       91.379067
                  128.03                       90.108956
                  128.32                        88.78606
                  128.61                       87.416425
                   128.9                       86.005693
                  129.19                        85.86475
                  129.48                       85.640332
                  129.77                       85.335858
                  130.06                       84.954797
                  130.35                       84.500647
                  130.64                       85.163416
                  130.93                       85.739396
                  131.22                       86.228441
                  131.51                       86.630643
                   131.8                       86.946322
                  132.09                       88.234733
                  132.38                       89.482226
                  132.67                       90.686563
                  132.96                       91.845521
                  133.25                       92.956897
                  133.54                       94.749068
                  133.83                       96.534602
                  134.12                       98.311458
                  134.41                       100.07749
                   134.7                       101.83042
                  134.99                       104.21488
                  135.28                       106.64465
                  135.57                       109.12056
                  135.86                       111.64342
                  136.15                       114.21405
                  136.44                       116.60022
                  136.73                        119.0401
                  137.02                        121.5355
                  137.31                       124.08835
                   137.6                       126.70065
                  137.89                       129.06915
                  138.18                       131.47791
                  138.47                       133.92758
                  138.76                       136.41876
                  139.05                       138.95207
                  139.34                       140.54662
                  139.63                        142.1187
                  139.92                       143.66582
                  140.21                       145.18534
                   140.5                       146.67455
                  140.79                       146.93292
                  141.08                       147.11478
                  141.37                        147.2186
                  141.66                       147.24295
                  141.95                       147.18653
                  142.24                       145.40136
                  142.53                       143.54987
                  142.82                        141.6359
                  143.11                        139.6633
                   143.4                       137.63592
                  143.69                       135.51642
                  143.98                       133.39979
                  144.27                       131.28728
                  144.56                       129.18009
                  144.85                       127.07933
                  145.14                       123.56944
                  145.43                       120.13664
                  145.72                       116.77966
                  146.01                       113.49715
                   146.3                       110.28774
                  146.59                       107.26421
                  146.88                       104.32597
                  147.17                       101.46947
                  147.46                       98.691359
                  147.75                       95.988471
                  148.04                       93.724195
                  148.33                       91.508653
                  148.62                       89.340409
                  148.91                       87.218079
                   149.2                       85.140322
                  149.49                       83.400673
                  149.78                       81.667502
                  150.07                       79.942492
                  150.36                       78.227148
                  150.65                       76.522814
                  150.94                       75.332949
                  151.23                       74.127433
                  151.52                       72.908391
                  151.81                       71.677816
                   152.1                       70.437575
                  152.39                       69.850861
                  152.68                         69.2131
                  152.97                       68.527127
                  153.26                       67.795734
                  153.55                       67.021662
                  153.84                       66.792765
                  154.13                       66.495867
                  154.42                       66.133168
                  154.71                       65.706957
                     155                       65.219596
                  155.29                        65.40942
                  155.58                       65.528876
                  155.87                       65.578264
                  156.16                       65.558056
                  156.45                       65.468894
                  156.74                       66.172664
                  157.03                       66.794867
                  157.32                       67.333026
                  157.61                       67.784885
                   157.9                       68.148428
                  158.19                       69.379388
                  158.48                       70.554236
                  158.77                       71.668465
                  159.06                       72.717508
                  159.35                       73.696753
                  159.64                       75.559312
                  159.93                       77.404424
                  160.22                       79.227348
                  160.51                        81.02296
                   160.8                        82.78574
                  161.09                       85.292215
                  161.38                       87.836979
                  161.67                       90.418686
                  161.96                       93.035668
                  162.25                       95.685891
                  162.54                       98.939646
                  162.83                       102.30035
                  163.12                       105.77317
                  163.41                       109.36363
                   163.7                       113.07757
                  163.99                       116.70604
                  164.28                       120.45869
                  164.57                       124.34192
                  164.86                       128.36258
                  165.15                       132.52799
                  165.44                       135.78054
                  165.73                       139.09832
                  166.02                       142.48204
                  166.31                       145.93231
                   166.6                        149.4496
                  166.89                       152.31667
                  167.18                       155.19679
                  167.47                       158.08718
                  167.76                       160.98482
                  168.05                       163.88642
                  168.34                        165.1791
                  168.63                        166.4116
                  168.92                       167.58151
                  169.21                       168.68647
                   169.5                       169.72418
                  169.79                       169.38805
                  170.08                       168.98252
                  170.37                       168.50872
                  170.66                       167.96785
                  170.95                        167.3612
                  171.24                       165.97776
                  171.53                       164.59303
                  171.82                       163.20751
                  172.11                       161.82168
                   172.4                       160.43598
                  172.69                        158.5742
                  172.98                       156.73857
                  173.27                       154.92857
                  173.56                       153.14365
                  173.85                       151.38332
                  174.14                        150.1776
                  174.43                       148.97877
                  174.72                       147.78685
                  175.01                       146.60188
                   175.3                       145.42389
                  175.59                       144.89985
                  175.88                         144.364
                  176.17                       143.81659
                  176.46                        143.2579
                  176.75                       142.68819
                  177.04                       142.83458
                  177.33                       142.97091
                  177.62                       143.09714
                  177.91                        143.2132
                   178.2                       143.31904
                  178.49                       143.10886
                  178.78                       142.86971
                  179.07                        142.6018
                  179.36                       142.30534
                  179.65                       141.98057
                  179.94                       143.12576
                  180.23                       144.25289
                  180.52                       145.36078
                  180.81                       146.44825
                   181.1                       147.51404
                  181.39                       149.30946
                  181.68                       151.11453
                  181.97                       152.92865
                  182.26                       154.75119
                  182.55                       156.58147
                  182.84                       158.24051
                  183.13                       159.91346
                  183.42                       161.60025
                  183.71                       163.30083
                     184                        165.0151
                  184.29                       167.16575
                  184.58                       169.34675
                  184.87                       171.55857
                  185.16                       173.80173
                  185.45                       176.07672
                  185.74                       177.89316
                  186.03                       179.71915
                  186.32                       181.55424
                  186.61                        183.3979
                   186.9                        185.2496
                  187.19                       188.36271
                  187.48                       191.53475
                  187.77                       194.76698
                  188.06                       198.06065
                  188.35                       201.41703
                  188.64                       206.36213
                  188.93                        211.4594
                  189.22                       216.71516
                  189.51                       222.13603
                   189.8                       227.72889
                  190.09                       234.64395
                  190.38                       241.85234
                  190.67                       249.37283
                  190.96                       257.22575
                  191.25                       265.43327
                  191.54                       275.32637
                  191.83                       285.65984
                  192.12                       296.45399
                  192.41                        307.7289
                   192.7                       319.50403
                  192.99                       327.77766
                  193.28                       336.11548
                  193.57                       344.49329
                  193.86                        352.8831
                  194.15                       361.25279
                  194.44                       367.95959
                  194.73                       374.10942
                  195.02                       379.62402
                  195.31                       384.42503
                   195.6                       388.43566
                  195.89                       387.03696
                  196.18                       384.99701
                  196.47                       382.32916
                  196.76                       379.05153
                  197.05                        375.1867
                  197.34                       367.02637
                  197.63                       358.54808
                  197.92                       349.81191
                  198.21                       340.87446
                   198.5                        331.7884
                  198.79                       323.64725
                  199.08                       315.64329
                  199.37                       307.78276
                  199.66                       300.07057
                  199.95                        292.5105
                  200.24                       285.82196
                  200.53                       279.34014
                  200.82                       273.05634
                  201.11                       266.96229
                   201.4                       261.05013
                  201.69                       256.92947
                  201.98                       252.89913
                  202.27                       248.95626
                  202.56                        245.0981
                  202.85                       241.32203
                  203.14                       238.57691
                  203.43                       235.86308
                  203.72                       233.18051
                  204.01                       230.52914
                   204.3                       227.90886
                  204.59                       227.79381
                  204.88                       227.66541
                  205.17                       227.52385
                  205.46                       227.36932
                  205.75                       227.20199
                  206.04                       228.16722
                  206.33                       229.12251
                  206.62                       230.06766
                  206.91                       231.00248
                   207.2                       231.92677
                  207.49                       233.56176
                  207.78                       235.20766
                  208.07                       236.86449
                  208.36                       238.53229
                  208.65                        240.2111
                  208.94                       242.94876
                  209.23                       245.73062
                  209.52                       248.55775
                  209.81                       251.43126
                   210.1                       254.35229
                  210.39                       256.84576
                  210.68                       259.36452
                  210.97                       261.90858
                  211.26                       264.47797
                  211.55                       267.07265
                  211.84                       268.64523
                  212.13                       270.12619
                  212.42                       271.50902
                  212.71                       272.78698
                     213                       273.95314
                  213.29                       274.63738
                  213.58                       275.20653
                  213.87                       275.65518
                  214.16                       275.97789
                  214.45                       276.16918
                  214.74                       274.25068
                  215.03                       272.09108
                  215.32                       269.68941
                  215.61                       267.04549
                   215.9                       264.16001
                  216.19                        259.6595
                  216.48                       255.01472
                  216.77                       250.23506
                  217.06                       245.33011
                  217.35                       240.30966
                  217.64                       233.28952
                  217.93                       226.27378
                  218.22                       219.27629
                  218.51                       212.30991
                   218.8                       205.38652
                  219.09                       199.12439
                  219.38                        192.9013
                  219.67                       186.72512
                  219.96                       180.60312
                  220.25                       174.54191
                  220.54                       169.20941
                  220.83                       164.02917
                  221.12                       158.99632
                  221.41                       154.10606
                   221.7                       149.35376
                  221.99                       143.46519
                  222.28                       137.73522
                  222.57                       132.16119
                  222.86                       126.74017
                  223.15                       121.46912
                  223.44                       117.80275
                  223.73                       114.24927
                  224.02                       110.80374
                  224.31                       107.46152
                   224.6                       104.21822
                  224.89                       100.57254
                  225.18                       97.025195
                  225.47                       93.573012
                  225.76                       90.212902
                  226.05                       86.941881
                  226.34                        84.97047
                  226.63                       83.018031
                  226.92                       81.084556
                  227.21                       79.170025
                   227.5                       77.274413
                  227.79                       72.926062
                  228.08                       68.730543
                  228.37                       64.681619
                  228.66                       60.773291
                  228.95                       56.999805
                  229.24                       52.778929
                  229.53                       48.759975
                  229.82                       44.929642
                  230.11                       41.275715
                   230.4                       37.786966
                  230.69                       37.059881
                  230.98                       36.267261
                  231.27                       35.418187
                  231.56                       34.520735
                  231.85                       33.582088
                  232.14                       33.749085
                  232.43                       33.856827
                  232.72                       33.908975
                  233.01                       33.909005
                   233.3                       33.860217
                  233.59                       34.696207
                  233.88                       35.490031
                  234.17                       36.242436
                  234.46                       36.954187
                  234.75                       37.626066
                  235.04                       37.771931
                  235.33                       37.890631
                  235.62                       37.983158
                  235.91                       38.050478
                   236.2                       38.093532
                  236.49                       38.509649
                  236.78                       38.911335
                  237.07                       39.298745
                  237.36                       39.672035
                  237.65                       40.031365
                  237.94                        40.20949
                  238.23                       40.369845
                  238.52                        40.51286
                  238.81                       40.638962
                   239.1                       40.748572
                  239.39                       40.912005
                  239.68                       41.066489
                  239.97                       41.212154
                  240.26                       41.349132
                  240.55                       41.477552
                  240.84                        41.89444
                  241.13                       42.293299
                  241.42                       42.674332
                  241.71                       43.037745
                     242                        43.38375
                  242.29                       43.299694
                  242.58                       43.213811
                  242.87                       43.126131
                  243.16                       43.036684
                  243.45                       42.945498
                  243.74                       43.260269
                  244.03                       43.568009
                  244.32                       43.868742
                  244.61                       44.162492
                   244.9                       44.449285
                  245.19                       44.139192
                  245.48                       43.827419
                  245.77                       43.514054
                  246.06                       43.199181
                  246.35                       42.882879
                  246.64                       43.169792
                  246.93                       43.454409
                  247.22                        43.73672
                  247.51                       44.016715
                   247.8                       44.294386
                  248.09                       44.279768
                  248.38                         44.2605
                  248.67                       44.236654
                  248.96                       44.208304
                  249.25                       44.175523
                  249.54                       44.092167
                  249.83                        44.00654
                  250.12                       43.918678
                  250.41                       43.828617
                   250.7                       43.736394
                  250.99                        43.81779
                  251.28                       43.892669
                  251.57                        43.96111
                  251.86                       44.023195
                  252.15                       44.079006
                  252.44                       43.860148
                  252.73                       43.641473
                  253.02                       43.422989
                  253.31                         43.2047
                   253.6                       42.986612
                  253.89                       43.062182
                  254.18                       43.133332
                  254.47                       43.200104
                  254.76                       43.262539
                  255.05                       43.320678
                  255.34                        43.07652
                  255.63                       42.831006
                  255.92                       42.584185
                  256.21                       42.336106
                   256.5                       42.086816
                  256.79                       42.133223
                  257.08                       42.178207
                  257.37                       42.221775
                  257.66                       42.263933
                  257.95                       42.304689
                  258.24                       42.271269
                  258.53                       42.230666
                  258.82                       42.183017
                  259.11                       42.128456
                   259.4                       42.067115
                  259.69                       42.005041
                  259.98                       41.940893
                  260.27                         41.8747
                  260.56                       41.806487
                  260.85                       41.736282
                  261.14                       41.880351
                  261.43                       42.014259
                  261.72                       42.138113
                  262.01                       42.252022
                   262.3                       42.356095
                  262.59                       42.384937
                  262.88                       42.408378
                  263.17                       42.426481
                  263.46                       42.439308
                  263.75                       42.446919
                  264.04                        42.75861
                  264.33                        43.06516
                  264.62                       43.366543
                  264.91                       43.662731
                   265.2                       43.953698
                  265.49                       44.323796
                  265.78                       44.686676
                  266.07                       45.042286
                  266.36                       45.390578
                  266.65                       45.731505
                  266.94                       45.921739
                  267.23                       46.110801
                  267.52                       46.298682
                  267.81                       46.485377
                   268.1                       46.670878
                  268.39                       46.921231
                  268.68                       47.165852
                  268.97                       47.404726
                  269.26                        47.63784
                  269.55                       47.865182
                  269.84                        48.18855
                  270.13                       48.510033
                  270.42                         48.8296
                  270.71                       49.147226
                     271                        49.46288
                  271.29                       49.902234
                  271.58                       50.340052
                  271.87                       50.776285
                  272.16                       51.210884
                  272.45                       51.643798
                  272.74                        51.86207
                  273.03                       52.078762
                  273.32                       52.293861
                  273.61                       52.507356
                   273.9                       52.719234
                  274.19                       53.244178
                  274.48                       53.770358
                  274.77                       54.297751
                  275.06                       54.826335
                  275.35                       55.356087
                  275.64                       55.621865
                  275.93                        55.88705
                  276.22                       56.151632
                  276.51                       56.415598
                   276.8                       56.678938
                  277.09                       56.990236
                  277.38                       57.302758
                  277.67                        57.61651
                  277.96                         57.9315
                  278.25                       58.247734
                  278.54                       58.318723
                  278.83                       58.389512
                  279.12                       58.460101
                  279.41                       58.530489
                   279.7                       58.600675
                  279.99                       58.490914
                  280.28                       58.381296
                  280.57                       58.271823
                  280.86                       58.162493
                  281.15                       58.053305
                  281.44                       57.958678
                  281.73                       57.863041
                  282.02                       57.766406
                  282.31                       57.668783
                   282.6                       57.570183
                  282.89                       57.426393
                  283.18                       57.281927
                  283.47                       57.136795
                  283.76                       56.991008
                  284.05                       56.844575
                  284.34                       56.995852
                  284.63                       57.145322
                  284.92                       57.292979
                  285.21                       57.438817
                   285.5                       57.582828
                  285.79                       57.347295
                  286.08                       57.109974
                  286.37                       56.870908
                  286.66                       56.630139
                  286.95                       56.387711
                  287.24                        56.57864
                  287.53                        56.76607
                  287.82                       56.949987
                  288.11                       57.130375
                   288.4                       57.307219
                  288.69                       57.522114
                  288.98                       57.730158
                  289.27                       57.931324
                  289.56                        58.12559
                  289.85                       58.312934
                  290.14                       58.628177
                  290.43                       58.938859
                  290.72                       59.244923
                  291.01                       59.546314
                   291.3                       59.842976
                  291.59                       60.394719
                  291.88                       60.942859
                  292.17                        61.48726
                  292.46                       62.027781
                  292.75                       62.564283
                  293.04                       63.250771
                  293.33                       63.937031
                  293.62                       64.622938
                  293.91                        65.30837
                   294.2                       65.993198
                  294.49                       66.601489
                  294.78                       67.211875
                  295.07                       67.824334
                  295.36                       68.438842
                  295.65                       69.055377
                  295.94                       69.888811
                  296.23                       70.728545
                  296.52                       71.574622
                  296.81                       72.427081
                   297.1                       73.285962
                  297.39                       73.880448
                  297.68                       74.478918
                  297.97                        75.08141
                  298.26                       75.687964
                  298.55                       76.298621
                  298.84                       76.859925
                  299.13                       77.424619
                  299.42                       77.992732
                  299.71                       78.564292
                     300                       79.139329

