                        Measurements/imaginary
----------------------------------------------------------------------
                      10                       -1390.482
                   10.29                      -1341.6584
                   10.58                      -1295.9843
                   10.87                      -1253.1798
                   11.16                      -1212.9952
                   11.45                      -1175.2077
                   11.74                      -1140.2207
                   12.03                      -1107.2487
                   12.32                       -1076.123
                   12.61                      -1046.6934
                    12.9                      -1018.8253
                   13.19                      -998.30855
                   13.48                      -978.49934
                   13.77                      -959.36785
                   14.06                      -940.88533
                   14.35                      -923.02414
                   14.64                      -903.85984
                   14.93                      -885.45528
                   15.22                      -867.76738
                   15.51                      -850.75616
                    15.8                      -834.38445
                   16.09                      -821.23966
                   16.38                      -808.46349
                   16.67                      -796.04245
                   16.96                      -783.96357
                   17.25                      -772.21441
                   17.54                      -762.30268
                   17.83                      -752.63651
                   18.12                      -743.20708
                   18.41                        -734.006
                    18.7                      -725.02523
                   18.99                      -713.04978
                   19.28                      -701.42661
                   19.57                      -690.14245
                   19.86                      -679.18451
                   20.15                      -668.54048
                   20.44                      -656.36692
                   20.73                      -644.38312
                   21.02                      -632.60246
                   21.31                      -621.03564
                    21.6                      -609.69103
                   21.89                      -598.05136
                   22.18                      -586.83763
                   22.47                      -576.02744
                   22.76                      -565.59992
                   23.05                      -555.53557
                   23.34                      -550.76382
                   23.63                      -546.04151
                   23.92                      -541.36884
                   24.21                      -536.74592
                    24.5                       -532.1728
                   24.79                      -521.06622
                   25.08                      -510.41076
                   25.37                      -500.17964
                   25.66                      -490.34815
                   25.95                      -480.89348
                   26.24                      -481.88235
                   26.53                      -482.87514
                   26.82                      -483.87187
                   27.11                      -484.87256
                    27.4                      -485.87724
                   27.69                      -477.81097
                   27.98                      -469.98301
                   28.27                      -462.38411
                   28.56                       -455.0054
                   28.85                       -447.8384
                   29.14                      -443.97279
                   29.43                        -440.156
                   29.72                      -436.38777
                   30.01                      -432.66779
                    30.3                      -428.99571
                   30.59                      -423.22277
                   30.88                      -417.45118
                   31.17                      -411.69046
                   31.46                      -405.94931
                   31.75                      -400.23567
                   32.04                      -396.00245
                   32.33                      -391.84461
                   32.62                      -387.76069
                   32.91                      -383.74925
                    33.2                      -379.80885
                   33.49                      -376.68908
                   33.78                      -373.59579
                   34.07                      -370.52933
                   34.36                      -367.48997
                   34.65                      -364.47798
                   34.94                      -358.78986
                   35.23                      -353.27454
                   35.52                      -347.92434
                   35.81                      -342.73204
                    36.1                      -337.69082
                   36.39                      -338.76093
                   36.68                       -339.8375
                   36.97                       -340.9206
                   37.26                      -342.01028
                   37.55                      -343.10661
                   37.84                      -337.42007
                   38.13                      -331.90629
                   38.42                      -326.55806
                   38.71                      -321.36853
                      39                      -316.33119
                   39.29                      -314.89488
                   39.58                      -313.46322
                   39.87                      -312.03645
                   40.16                      -310.61475
                   40.45                      -309.19833
                   40.74                      -304.83114
                   41.03                      -300.46563
                   41.32                      -296.10887
                   41.61                      -291.76733
                    41.9                      -287.44696
                   42.19                      -285.56618
                   42.48                       -283.7011
                   42.77                      -281.85182
                   43.06                      -280.01841
                   43.35                      -278.20095
                   43.64                      -275.66385
                   43.93                      -273.14371
                   44.22                      -270.64123
                   44.51                      -268.15704
                    44.8                      -265.69171
                   45.09                       -262.7477
                   45.38                      -259.86821
                   45.67                      -257.05116
                   45.96                      -254.29452
                   46.25                      -251.59638
                   46.54                      -251.06254
                   46.83                      -250.52651
                   47.12                      -249.98833
                   47.41                      -249.44802
                    47.7                      -248.90565
                   47.99                      -245.70716
                   48.28                      -242.58155
                   48.57                      -239.52662
                   48.86                      -236.54025
                   49.15                      -233.62039
                   49.44                      -233.66909
                   49.73                      -233.70826
                   50.02                      -233.73799
                   50.31                      -233.75835
                    50.6                      -233.76944
                   50.89                      -230.94333
                   51.18                      -228.11183
                   51.47                      -225.27832
                   51.76                      -222.44598
                   52.05                      -219.61783
                   52.34                      -217.38275
                   52.63                      -215.19177
                   52.92                      -213.04362
                   53.21                      -210.93709
                    53.5                        -208.871
                   53.79                      -207.91447
                   54.08                      -206.93825
                   54.37                      -205.94281
                   54.66                      -204.92862
                   54.95                      -203.89616
                   55.24                      -200.34848
                   55.53                      -196.91483
                   55.82                      -193.59009
                   56.11                      -190.36944
                    56.4                      -187.24832
                   56.69                      -187.44888
                   56.98                      -187.64944
                   57.27                      -187.84998
                   57.56                      -188.05051
                   57.85                      -188.25101
                   58.14                      -185.52881
                   58.43                      -182.87112
                   58.72                       -180.2761
                   59.01                      -177.74194
                    59.3                      -175.26691
                   59.59                      -174.84362
                   59.88                      -174.42002
                   60.17                      -173.99617
                   60.46                      -173.57213
                   60.75                      -173.14793
                   61.04                      -171.01584
                   61.33                      -168.89144
                   61.62                      -166.77622
                   61.91                      -164.67158
                    62.2                      -162.57882
                   62.49                      -161.17907
                   62.78                      -159.80299
                   63.07                      -158.44997
                   63.36                      -157.11947
                   63.65                      -155.81092
                   63.94                      -154.75984
                   64.23                      -153.68409
                   64.52                       -152.5844
                   64.81                      -151.46148
                    65.1                       -150.3161
                   65.39                      -147.80606
                   65.68                      -145.36923
                   65.97                      -143.00278
                   66.26                        -140.704
                   66.55                       -138.4703
                   66.84                      -138.20691
                   67.13                      -137.93911
                   67.42                      -137.66691
                   67.71                       -137.3903
                      68                      -137.10931
                   68.29                      -135.02296
                   68.58                      -132.97504
                   68.87                      -130.96519
                   69.16                      -128.99299
                   69.45                      -127.05801
                   69.74                       -126.5372
                   70.03                      -126.02049
                   70.32                      -125.50784
                   70.61                      -124.99919
                    70.9                      -124.49451
                   71.19                      -122.85946
                   71.48                      -121.22216
                   71.77                      -119.58396
                   72.06                      -117.94615
                   72.35                      -116.30996
                   72.64                      -115.32767
                   72.93                      -114.36062
                   73.22                      -113.40848
                   73.51                      -112.47092
                    73.8                      -111.54763
                   74.09                      -110.64741
                   74.38                       -109.7387
                   74.67                      -108.82185
                   74.96                      -107.89724
                   75.25                      -106.96527
                   75.54                      -104.96679
                   75.83                      -103.01893
                   76.12                      -101.12044
                   76.41                      -99.270073
                    76.7                      -97.466582
                   76.99                       -97.04419
                   77.28                      -96.620358
                   77.57                      -96.195124
                   77.86                      -95.768526
                   78.15                        -95.3406
                   78.44                      -93.479117
                   78.73                      -91.648311
                   79.02                      -89.848488
                   79.31                      -88.079871
                    79.6                       -86.34261
                   79.89                      -85.552259
                   80.18                      -84.773078
                   80.47                      -84.004875
                   80.76                      -83.247459
                   81.05                      -82.500645
                   81.34                      -80.919448
                   81.63                      -79.339355
                   81.92                       -77.76184
                   82.21                      -76.188323
                    82.5                      -74.620164
                   82.79                      -73.214412
                   83.08                      -71.839715
                   83.37                      -70.495478
                   83.66                      -69.181101
                   83.95                      -67.895981
                   84.24                      -66.398625
                   84.53                      -64.892354
                   84.82                      -63.378864
                   85.11                      -61.859832
                    85.4                      -60.336911
                   85.69                       -58.41042
                   85.98                      -56.513889
                   86.27                      -54.648717
                   86.56                       -52.81613
                   86.85                      -51.017183
                   87.14                      -49.736666
                   87.43                      -48.448315
                   87.72                      -47.153242
                   88.01                      -45.852554
                    88.3                      -44.547359
                   88.59                      -42.395197
                   88.88                      -40.236256
                   89.17                      -38.075341
                   89.46                      -35.917148
                   89.75                       -33.76623
                   90.04                       -32.05643
                   90.33                      -30.332346
                   90.62                       -28.59653
                   90.91                       -26.85156
                    91.2                      -25.100025
                   91.49                      -22.796449
                   91.78                      -20.407171
                   92.07                       -17.93679
                   92.36                      -15.390673
                   92.65                      -12.774944
                   92.94                      -10.882777
                   93.23                      -8.8890204
                   93.52                      -6.7918822
                   93.81                      -4.5899926
                    94.1                      -2.2824676
                   94.39                     -0.80648435
                   94.68                      0.79820606
                   94.97                       2.5426991
                   95.26                       4.4390152
                   95.55                       6.5001519
                   95.84                       6.8646642
                   96.13                       7.2537536
                   96.42                       7.6695659
                   96.71                       8.1144808
                      97                       8.5911436
                   97.29                       7.3442895
                   97.58                       6.0312099
                   97.87                       4.6487245
                   98.16                       3.1935287
                   98.45                       1.6621939
                   98.74                      0.88982937
                   99.03                      0.11683061
                   99.32                     -0.65669802
                   99.61                      -1.4306519
                    99.9                      -2.2049262
                  100.19                      -1.7742474
                  100.48                      -1.3383735
                  100.77                     -0.89725353
                  101.06                     -0.45083649
                  101.35                   0.00092891579
                  101.64                      0.16981814
                  101.93                      0.33741578
                  102.22                      0.50373188
                  102.51                      0.66877643
                   102.8                      0.83255929
                  103.09                       2.2332723
                  103.38                       3.6228569
                  103.67                       5.0008047
                  103.96                       6.3666261
                  104.25                       7.7198506
                  104.54                       9.5716344
                  104.83                       11.445491
                  105.12                       13.340278
                  105.41                        15.25479
                   105.7                       17.187755
                  105.99                       19.235852
                  106.28                       21.341872
                  106.57                       23.506017
                  106.86                       25.728354
                  107.15                       28.008807
                  107.44                       30.298738
                  107.73                       32.682948
                  108.02                       35.164264
                  108.31                        37.74545
                   108.6                       40.429182
                  108.89                       42.575136
                  109.18                       44.834662
                  109.47                        47.21456
                  109.76                       49.722049
                  110.05                       52.364788
                  110.34                       54.363977
                  110.63                       56.480644
                  110.92                       58.724005
                  111.21                       61.104172
                   111.5                       63.632259
                  111.79                       65.161882
                  112.08                       66.766393
                  112.37                       68.451398
                  112.66                       70.223074
                  112.95                       72.088243
                  113.24                       72.555039
                  113.53                        72.98177
                  113.82                       73.360822
                  114.11                       73.683364
                   114.4                       73.939141
                  114.69                       72.143293
                  114.98                        70.05839
                  115.27                       67.650191
                  115.56                       64.880502
                  115.85                       61.706789
                  116.14                       56.690575
                  116.43                       51.163046
                  116.72                       45.088744
                  117.01                       38.432138
                   117.3                        31.15828
                  117.59                         20.8326
                  117.88                       9.9323607
                  118.17                      -1.5075306
                  118.46                      -13.440939
                  118.75                      -25.810325
                  119.04                      -37.624324
                  119.33                      -49.298409
                  119.62                      -60.759707
                  119.91                      -71.939368
                   120.2                      -82.773901
                  120.49                       -91.71663
                  120.78                      -99.882718
                  121.07                      -107.29404
                  121.36                      -113.97906
                  121.65                      -119.97125
                  121.94                      -122.79116
                  122.23                       -125.1369
                  122.52                      -127.05992
                  122.81                      -128.60684
                   123.1                      -129.81973
                  123.39                      -128.09253
                  123.68                      -126.36899
                  123.97                       -124.6548
                  124.26                      -122.95456
                  124.55                      -121.27199
                  124.84                      -117.96753
                  125.13                      -114.83321
                  125.42                      -111.85648
                  125.71                      -109.02599
                     126                      -106.33145
                  126.29                      -102.58918
                  126.58                       -99.02223
                  126.87                      -95.621051
                  127.16                      -92.376609
                  127.45                      -89.280389
                  127.74                      -85.723543
                  128.03                      -82.283972
                  128.32                      -78.959538
                  128.61                        -75.7479
                   128.9                      -72.646551
                  129.19                      -69.576251
                  129.48                      -66.549205
                  129.77                      -63.567995
                  130.06                      -60.634949
                  130.35                      -57.752147
                  130.64                      -54.915911
                  130.93                      -52.067379
                  131.22                      -49.210498
                  131.51                      -46.349197
                   131.8                      -43.487369
                  132.09                      -41.397982
                  132.38                      -39.260641
                  132.67                       -37.07631
                  132.96                      -34.846079
                  133.25                      -32.571165
                  133.54                       -30.89979
                  133.83                      -29.166927
                  134.12                      -27.371394
                  134.41                      -25.512056
                   134.7                      -23.587838
                  134.99                      -22.791026
                  135.28                       -21.95057
                  135.57                      -21.064229
                  135.86                      -20.129642
                  136.15                      -19.144318
                  136.44                      -19.278453
                  136.73                      -19.413813
                  137.02                      -19.550378
                  137.31                      -19.688124
                   137.6                      -19.827022
                  137.89                      -21.072285
                  138.18                      -22.366803
                  138.47                       -23.71278
                  138.76                      -25.112532
                  139.05                      -26.568492
                  139.34                      -29.024515
                  139.63                      -31.548818
                  139.92                      -34.142314
                  140.21                      -36.805846
                   140.5                      -39.540177
                  140.79                      -42.692792
                  141.08                      -45.869927
                  141.37                      -49.068927
                  141.66                      -52.287034
                  141.95                      -55.521391
                  142.24                      -58.602361
                  142.53                      -61.608937
                  142.82                      -64.539505
                  143.11                      -67.392686
                   143.4                      -70.167323
                  143.69                      -71.678983
                  143.98                      -73.136367
                  144.27                      -74.540608
                  144.56                      -75.892847
                  144.85                      -77.194234
                  145.14                      -77.982662
                  145.43                      -78.697543
                  145.72                      -79.343375
                  146.01                      -79.924393
                   146.3                      -80.444585
                  146.59                      -79.520771
                  146.88                      -78.616804
                  147.17                      -77.732105
                  147.46                      -76.866116
                  147.75                      -76.018296
                  148.04                         -74.549
                  148.33                       -73.12778
                  148.62                      -71.752502
                  148.91                      -70.421148
                   149.2                       -69.13181
                  149.49                      -66.800701
                  149.78                      -64.553915
                  150.07                      -62.388221
                  150.36                      -60.300493
                  150.65                      -58.287713
                  150.94                      -56.113332
                  151.23                      -54.002509
                  151.52                      -51.953804
                  151.81                      -49.965757
                   152.1                        -48.0369
                  152.39                      -45.601101
                  152.68                      -43.213793
                  152.97                      -40.875777
                  153.26                      -38.587698
                  153.55                      -36.350051
                  153.84                       -33.83741
                  154.13                      -31.354325
                  154.42                      -28.903192
                  154.71                      -26.486238
                     155                      -24.105523
                  155.29                      -21.687895
                  155.58                      -19.270454
                  155.87                      -16.856243
                  156.16                       -14.44827
                  156.45                      -12.049493
                  156.74                      -9.4154829
                  157.03                      -6.7437383
                  157.32                      -4.0379641
                  157.61                      -1.3020615
                   157.9                       1.4598879
                  158.19                       3.9420487
                  158.48                       6.4970862
                  158.77                       9.1240077
                  159.06                       11.821516
                  159.35                       14.587995
                  159.64                       16.955023
                  159.93                       19.425918
                  160.22                       22.003643
                  160.51                       24.691038
                   160.8                       27.490793
                  161.09                       29.543702
                  161.38                       31.705376
                  161.67                        33.98192
                  161.96                       36.379764
                  162.25                       38.905672
                  162.54                        40.09879
                  162.83                       41.351645
                  163.12                       42.668342
                  163.41                       44.053347
                   163.7                       45.511519
                  163.99                       45.882647
                  164.28                        46.25273
                  164.57                       46.620991
                  164.86                       46.986548
                  165.15                       47.348399
                  165.44                       46.236016
                  165.73                       45.046724
                  166.02                       43.776084
                  166.31                       42.419406
                   166.6                       40.971743
                  166.89                        38.86234
                  167.18                       36.652553
                  167.47                       34.339012
                  167.76                       31.918337
                  168.05                       29.387146
                  168.34                       26.428845
                  168.63                       23.419706
                  168.92                       20.361342
                  169.21                       17.255504
                   169.5                       14.104074
                  169.79                       10.997025
                  170.08                       7.9098669
                  170.37                       4.8448341
                  170.66                       1.8040909
                  170.95                       -1.210273
                  171.24                      -2.6561321
                  171.53                      -4.0722183
                  171.82                      -5.4589713
                  172.11                      -6.8168324
                   172.4                      -8.1462436
                  172.69                      -8.2773714
                  172.98                       -8.403977
                  173.27                      -8.5262108
                  173.56                      -8.6442182
                  173.85                      -8.7581385
                  174.14                        -7.94735
                  174.43                      -7.1517818
                  174.72                      -6.3711495
                  175.01                      -5.6051738
                   175.3                      -4.8535805
                  175.59                      -3.5255164
                  175.88                      -2.2090681
                  176.17                      -0.9043444
                  176.46                      0.38855254
                  176.75                       1.6695271
                  177.04                       2.7838343
                  177.33                       3.9008547
                  177.62                       5.0204545
                  177.91                       6.1424984
                   178.2                         7.26685
                  178.49                       9.1525536
                  178.78                       11.032387
                  179.07                       12.905692
                  179.36                       14.771814
                  179.65                       16.630113
                  179.94                       18.570535
                  180.23                       20.548967
                  180.52                       22.565576
                  180.81                       24.620497
                   181.1                        26.71383
                  181.39                       28.332439
                  181.68                        29.99737
                  181.97                       31.709895
                  182.26                       33.471311
                  182.55                       35.282943
                  182.84                       36.503322
                  183.13                        37.75361
                  183.42                       39.034606
                  183.71                       40.347127
                     184                       41.692012
                  184.29                       42.831789
                  184.58                       44.004185
                  184.87                       45.210333
                  185.16                       46.451407
                  185.45                       47.728634
                  185.74                       49.463205
                  186.03                       51.242127
                  186.32                       53.066545
                  186.61                       54.937628
                   186.9                       56.856574
                  187.19                       58.660516
                  187.48                        60.53258
                  187.77                       62.475949
                  188.06                        64.49398
                  188.35                       66.590218
                  188.64                       69.068884
                  188.93                       71.680018
                  189.22                       74.432907
                  189.51                       77.337636
                   189.8                       80.405175
                  190.09                       81.219352
                  190.38                       82.030954
                  190.67                       82.837386
                  190.96                       83.635611
                  191.25                       84.422076
                  191.54                       82.275853
                  191.83                       79.783526
                  192.12                       76.901963
                  192.41                       73.582489
                   192.7                       69.770165
                  192.99                       63.736662
                  193.28                        57.20577
                  193.57                       50.148882
                  193.86                       42.537318
                  194.15                       34.342689
                  194.44                       21.866016
                  194.73                       8.7103417
                  195.02                      -5.0979255
                  195.31                      -19.521904
                   195.6                      -34.513733
                  195.89                      -47.073648
                  196.18                      -59.518848
                  196.47                      -71.800868
                  196.76                      -83.873191
                  197.05                      -95.691806
                  197.34                      -106.41749
                  197.63                      -116.47475
                  197.92                      -125.86697
                  198.21                      -134.60295
                   198.5                      -142.69608
                  198.79                      -146.42536
                  199.08                      -149.83526
                  199.37                      -152.94472
                  199.66                      -155.77193
                  199.95                      -158.33427
                  200.24                       -157.6766
                  200.53                      -156.98067
                  200.82                      -156.25079
                  201.11                      -155.49089
                   201.4                      -154.70452
                  201.69                      -153.70748
                  201.98                      -152.71693
                  202.27                      -151.73315
                  202.56                      -150.75635
                  202.85                      -149.78675
                  203.14                       -146.9643
                  203.43                      -144.21805
                  203.72                      -141.54544
                  204.01                        -138.944
                   204.3                      -136.41137
                  204.59                      -134.75295
                  204.88                      -133.10248
                  205.17                      -131.46007
                  205.46                      -129.82583
                  205.75                      -128.19987
                  206.04                      -126.86374
                  206.33                      -125.51574
                  206.62                      -124.15597
                  206.91                      -122.78453
                   207.2                      -121.40153
                  207.49                      -121.00848
                  207.78                      -120.60363
                  208.07                      -120.18674
                  208.36                       -119.7576
                  208.65                      -119.31595
                  208.94                      -120.47887
                  209.23                      -121.66406
                  209.52                      -122.87213
                  209.81                      -124.10376
                   210.1                      -125.35962
                  210.39                      -127.64096
                  210.68                      -129.97812
                  210.97                      -132.37279
                  211.26                      -134.82671
                  211.55                      -137.34166
                  211.84                      -142.57115
                  212.13                      -147.92375
                  212.42                      -153.39939
                  212.71                      -158.99768
                     213                       -164.7179
                  213.29                      -170.10374
                  213.58                      -175.57821
                  213.87                      -181.13902
                  214.16                      -186.78361
                  214.45                      -192.50905
                  214.74                       -199.3858
                  215.03                      -206.24136
                  215.32                       -213.0634
                  215.61                      -219.83943
                   215.9                      -226.55684
                  216.19                      -231.83851
                  216.48                      -236.94886
                  216.77                      -241.88255
                  217.06                      -246.63485
                  217.35                      -251.20174
                  217.64                      -254.75107
                  217.93                      -258.01032
                  218.22                       -260.9873
                  218.51                      -263.69046
                   218.8                       -266.1287
                  219.09                      -268.36866
                  219.38                      -270.39554
                  219.67                      -272.21625
                  219.96                      -273.83792
                  220.25                      -275.26781
                  220.54                      -273.74871
                  220.83                      -272.19478
                  221.12                      -270.61034
                  221.41                      -268.99935
                   221.7                      -267.36546
                  221.99                      -266.69058
                  222.28                      -265.91141
                  222.57                      -265.03654
                  222.86                      -264.07405
                  223.15                      -263.03151
                  223.44                      -260.02672
                  223.73                      -257.08428
                  224.02                      -254.20252
                  224.31                      -251.37983
                   224.6                      -248.61464
                  224.89                       -246.9675
                  225.18                      -245.31752
                  225.47                      -243.66633
                  225.76                      -242.01545
                  226.05                      -240.36626
                  226.34                      -240.19916
                  226.63                      -240.01487
                  226.92                       -239.8139
                  227.21                      -239.59672
                   227.5                      -239.36382
                  227.79                      -237.31422
                  228.08                      -235.25776
                  228.37                      -233.19803
                  228.66                      -231.13826
                  228.95                      -229.08133
                  229.24                      -225.16128
                  229.53                      -221.35992
                  229.82                      -217.67287
                  230.11                      -214.09586
                   230.4                      -210.62475
                  230.69                      -205.32217
                  230.98                      -200.23309
                  231.27                      -195.34722
                  231.56                      -190.65474
                  231.85                      -186.14629
                  232.14                      -182.91914
                  232.43                      -179.75994
                  232.72                      -176.66796
                  233.01                      -173.64238
                   233.3                       -170.6823
                  233.59                       -168.7005
                  233.88                      -166.72362
                  234.17                      -164.75264
                  234.46                      -162.78855
                  234.75                      -160.83224
                  235.04                      -158.87504
                  235.33                       -156.9417
                  235.62                      -155.03228
                  235.91                      -153.14678
                   236.2                       -151.2852
                  236.49                      -150.13452
                  236.78                      -148.98591
                  237.07                      -147.83957
                  237.36                      -146.69571
                  237.65                      -145.55453
                  237.94                      -144.10396
                  238.23                      -142.66468
                  238.52                      -141.23683
                  238.81                      -139.82053
                   239.1                      -138.41591
                  239.39                      -137.43758
                  239.68                      -136.46358
                  239.97                      -135.49397
                  240.26                      -134.52883
                  240.55                      -133.56822
                  240.84                      -132.30358
                  241.13                      -131.04123
                  241.42                      -129.78147
                  241.71                       -128.5246
                     242                      -127.27093
                  242.29                      -126.69828
                  242.58                      -126.12861
                  242.87                      -125.56189
                  243.16                      -124.99812
                  243.45                      -124.43729
                  243.74                      -123.68251
                  244.03                      -122.92724
                  244.32                      -122.17156
                  244.61                      -121.41557
                   244.9                      -120.65935
                  245.19                      -119.78985
                  245.48                      -118.92921
                  245.77                      -118.07734
                  246.06                      -117.23412
                  246.35                      -116.39947
                  246.64                      -115.99331
                  246.93                      -115.58576
                  247.22                      -115.17684
                  247.51                      -114.76658
                   247.8                      -114.35498
                  248.09                      -113.60204
                  248.38                      -112.85312
                  248.67                      -112.10822
                  248.96                      -111.36736
                  249.25                      -110.63055
                  249.54                      -110.04441
                  249.83                      -109.46137
                  250.12                      -108.88144
                  250.41                      -108.30459
                   250.7                      -107.73084
                  250.99                      -106.92872
                  251.28                       -106.1297
                  251.57                      -105.33385
                  251.86                       -104.5412
                  252.15                      -103.75182
                  252.44                      -103.36442
                  252.73                      -102.97924
                  253.02                      -102.59626
                  253.31                      -102.21547
                   253.6                      -101.83685
                  253.89                      -101.19329
                  254.18                      -100.55155
                  254.47                      -99.911641
                  254.76                      -99.273608
                  255.05                       -98.63748
                  255.34                       -97.98688
                  255.63                      -97.341645
                  255.92                       -96.70173
                  256.21                      -96.067092
                   256.5                      -95.437689
                  256.79                       -95.08147
                  257.08                      -94.725746
                  257.37                      -94.370522
                  257.66                      -94.015806
                  257.95                      -93.661603
                  258.24                      -92.780213
                  258.53                      -91.904422
                  258.82                      -91.034267
                  259.11                      -90.169785
                   259.4                       -89.31101
                  259.69                      -88.811893
                  259.98                      -88.314958
                  260.27                      -87.820206
                  260.56                      -87.327639
                  260.85                      -86.837259
                  261.14                      -85.914446
                  261.43                      -84.994175
                  261.72                      -84.076586
                  262.01                      -83.161814
                   262.3                      -82.249994
                  262.59                      -81.548528
                  262.88                       -80.84964
                  263.17                      -80.153376
                  263.46                      -79.459781
                  263.75                      -78.768895
                  264.04                      -78.164091
                  264.33                      -77.556852
                  264.62                      -76.947244
                  264.91                      -76.335332
                   265.2                      -75.721183
                  265.49                      -75.001233
                  265.78                      -74.277703
                  266.07                      -73.550701
                  266.36                      -72.820338
                  266.65                      -72.086723
                  266.94                      -71.791979
                  267.23                      -71.496276
                  267.52                      -71.199623
                  267.81                      -70.902026
                   268.1                      -70.603492
                  268.39                      -69.952961
                  268.68                      -69.300771
                  268.97                      -68.646997
                  269.26                      -67.991713
                  269.55                      -67.334995
                  269.84                      -66.940227
                  270.13                      -66.542864
                  270.42                      -66.142917
                  270.71                      -65.740398
                     271                      -65.335318
                  271.29                      -64.923118
                  271.58                      -64.506735
                  271.87                      -64.086166
                  272.16                       -63.66141
                  272.45                      -63.232464
                  272.74                      -62.880505
                  273.03                       -62.52718
                  273.32                      -62.172499
                  273.61                      -61.816473
                   273.9                      -61.459113
                  274.19                      -61.212148
                  274.48                      -60.961276
                  274.77                      -60.706457
                  275.06                      -60.447655
                  275.35                      -60.184831
                  275.64                       -59.92198
                  275.93                      -59.657557
                  276.22                      -59.391563
                  276.51                      -59.123997
                   276.8                      -58.854858
                  277.09                       -58.93409
                  277.38                      -59.013493
                  277.67                      -59.093067
                  277.96                      -59.172813
                  278.25                       -59.25273
                  278.54                      -59.125141
                  278.83                      -58.997397
                  279.12                        -58.8695
                  279.41                      -58.741451
                   279.7                      -58.613248
                  279.99                      -58.546061
                  280.28                      -58.479006
                  280.57                      -58.412083
                  280.86                      -58.345292
                  281.15                      -58.278633
                  281.44                      -57.925907
                  281.73                      -57.574398
                  282.02                      -57.224109
                  282.31                      -56.875039
                   282.6                      -56.527189
                  282.89                      -56.186185
                  283.18                      -55.846668
                  283.47                      -55.508635
                  283.76                      -55.172083
                  284.05                      -54.837008
                  284.34                      -54.460354
                  284.63                      -54.082883
                  284.92                      -53.704606
                  285.21                      -53.325538
                   285.5                      -52.945691
                  285.79                      -52.397639
                  286.08                      -51.853466
                  286.37                      -51.313157
                  286.66                      -50.776698
                  286.95                      -50.244075
                  287.24                         -49.721
                  287.53                      -49.196503
                  287.82                      -48.670622
                  288.11                       -48.14339
                   288.4                      -47.614843
                  288.69                      -46.881135
                  288.98                      -46.145521
                  289.27                      -45.408098
                  289.56                      -44.668961
                  289.85                      -43.928208
                  290.14                      -43.312608
                  290.43                      -42.693382
                  290.72                      -42.070577
                  291.01                      -41.444241
                   291.3                      -40.814424
                  291.59                      -40.163456
                  291.88                      -39.504406
                  292.17                      -38.837271
                  292.46                      -38.162051
                  292.75                      -37.478747
                  293.04                      -36.921103
                  293.33                      -36.354054
                  293.62                       -35.77751
                  293.91                      -35.191385
                   294.2                      -34.595591
                  294.49                      -34.270589
                  294.78                      -33.940363
                  295.07                      -33.604847
                  295.36                      -33.263976
                  295.65                      -32.917683
                  295.94                      -32.668459
                  296.23                      -32.413054
                  296.52                      -32.151339
                  296.81                      -31.883183
                   297.1                      -31.608451
                  297.39                      -31.618331
                  297.68                      -31.627617
                  297.97                      -31.636299
                  298.26                      -31.644362
                  298.55                      -31.651793
                  298.84                      -31.619617
                  299.13                      -31.586419
                  299.42                      -31.552181
                  299.71                      -31.516888
                     300                       -31.48052

