        Frequency / MHz                Simulation/imaginary
----------------------------------------------------------------------
                      50                      -242.77225
               50.200001                      -241.41564
               50.400002                        -240.074
               50.599998                      -238.74474
               50.799999                      -237.42504
                      51                       -236.1121
               51.200001                      -234.80327
               51.400002                      -233.49615
               51.599998                      -232.18871
               51.799999                       -230.8793
                      52                      -229.56687
               52.200001                       -228.2509
               52.400002                      -226.93144
               52.599998                       -225.6091
               52.799999                      -224.28495
                      53                      -222.96051
               53.200001                       -221.6376
               53.400002                      -220.31823
               53.599998                      -219.00462
               53.799999                      -217.69889
                      54                      -216.40309
               54.200001                      -215.11897
               54.400002                      -213.84805
               54.599998                      -212.59142
               54.799999                      -211.34974
                      55                      -210.12326
               55.200001                      -208.91168
               55.400002                      -207.71434
               55.599998                       -206.5301
               55.799999                      -205.35752
                      56                      -204.19487
               56.200001                      -203.04021
               56.400002                      -201.89156
               56.599998                      -200.74686
               56.799999                      -199.60426
                      57                      -198.46206
               57.200001                      -197.31871
               57.400002                      -196.17329
               57.599998                      -195.02496
               57.799999                      -193.87356
                      58                      -192.71892
               58.200001                      -191.56174
               58.400002                      -190.40272
               58.599998                      -189.24306
               58.799999                        -188.084
                      59                      -186.92718
               59.200001                      -185.77414
               59.400002                      -184.62631
               59.599998                      -183.48529
               59.799999                      -182.35221
                      60                      -181.22823
               60.200001                      -180.11391
               60.400002                       -179.0099
               60.599998                      -177.91613
               60.799999                      -176.83227
                      61                      -175.75794
               61.200001                      -174.69215
               61.400002                      -173.63375
               61.599998                      -172.58137
               61.799999                      -171.53369
                      62                      -170.48898
               62.200001                       -169.4459
               62.400002                      -168.40301
               62.599998                      -167.35908
               62.799999                      -166.31293
                      63                      -165.26397
               63.200001                      -164.21147
               63.400002                      -163.15546
               63.599998                      -162.09584
               63.799999                      -161.03313
                      64                      -159.96801
               64.199997                       -158.9012
               64.400002                      -157.83382
               64.599998                      -156.76693
               64.800003                      -155.70179
                      65                      -154.63943
               65.199997                      -153.58093
               65.400002                      -152.52728
               65.599998                      -151.47915
               65.800003                      -150.43714
                      66                      -149.40141
               66.199997                      -148.37203
               66.400002                      -147.34879
               66.599998                      -146.33125
               66.800003                      -145.31873
                      67                      -144.31046
               67.199997                       -143.3055
               67.400002                      -142.30295
               67.599998                      -141.30176
               67.800003                      -140.30114
                      68                       -139.3003
               68.199997                      -138.29867
               68.400002                      -137.29594
               68.599998                        -136.292
               68.800003                      -135.28706
                      69                      -134.28166
               69.199997                      -133.27656
               69.400002                      -132.27286
               69.599998                      -131.27181
               69.800003                      -130.27494
                      70                      -129.28386
               70.199997                      -128.30033
               70.400002                      -127.32612
               70.599998                      -126.36287
               70.800003                      -125.41226
                      71                      -124.47566
               71.199997                      -123.55432
               71.400002                      -122.64917
               71.599998                      -121.76085
               71.800003                      -120.88964
                      72                      -120.03545
               72.199997                      -119.19782
               72.400002                      -118.37597
               72.599998                      -117.56869
               72.800003                      -116.77452
                      73                      -115.99171
               73.199997                      -115.21825
               73.400002                      -114.45201
               73.599998                      -113.69074
               73.800003                      -112.93219
                      74                       -112.1741
               74.199997                      -111.41437
               74.400002                      -110.65108
               74.599998                      -109.88249
               74.800003                      -109.10713
                      75                      -108.32391
               75.199997                      -107.53195
               75.400002                       -106.7307
               75.599998                      -105.91998
               75.800003                      -105.09982
                      76                      -104.27049
               76.199997                      -103.43248
               76.400002                      -102.58645
               76.599998                      -101.73311
               76.800003                      -100.87322
                      77                      -100.00758
               77.199997                      -99.136867
               77.400002                      -98.261728
               77.599998                      -97.382628
               77.800003                      -96.499983
                      78                      -95.613934
               78.199997                      -94.724522
               78.400002                      -93.831651
               78.599998                      -92.935049
               78.800003                       -92.03433
                      79                      -91.129045
               79.199997                      -90.218664
               79.400002                      -89.302657
               79.599998                       -88.38046
               79.800003                      -87.451641
                      80                      -86.515758
               80.199997                      -85.572541
               80.400002                      -84.621807
               80.599998                      -83.663509
               80.800003                      -82.697743
                      81                      -81.724753
               81.199997                      -80.744897
               81.400002                      -79.758626
               81.599998                      -78.766486
               81.800003                       -77.76908
                      82                      -76.767029
               82.199997                       -75.76094
               82.400002                      -74.751366
               82.599998                      -73.738795
               82.800003                       -72.72364
                      83                      -71.706131
               83.199997                      -70.686409
               83.400002                       -69.66442
               83.599998                      -68.639966
               83.800003                      -67.612706
                      84                      -66.582091
               84.199997                      -65.547475
               84.400002                      -64.508116
               84.599998                      -63.463121
               84.800003                      -62.411602
                      85                      -61.352561
               85.199997                      -60.285063
               85.400002                      -59.208207
               85.599998                      -58.121095
               85.800003                      -57.022986
                      86                       -55.91323
               86.199997                       -54.79125
               86.400002                      -53.656667
               86.599998                      -52.509214
               86.800003                      -51.348728
                      87                       -50.17516
               87.199997                      -48.988596
               87.400002                      -47.789157
               87.599998                      -46.577024
               87.800003                      -45.352362
                      88                      -44.115359
               88.199997                      -42.866131
               88.400002                       -41.60471
               88.599998                      -40.331026
               88.800003                      -39.044869
                      89                      -37.745877
               89.199997                      -36.433495
               89.400002                         -35.107
               89.599998                      -33.765525
               89.800003                      -32.407964
                      90                      -31.033068
               90.199997                       -29.63943
               90.400002                      -28.225523
               90.599998                      -26.789671
               90.800003                      -25.330214
                      91                      -23.845369
               91.199997                      -22.333417
               91.400002                      -20.792628
               91.599998                      -19.221369
               91.800003                      -17.618169
                      92                      -15.981593
               92.199997                      -14.310475
               92.400002                       -12.60384
               92.599998                      -10.860885
               92.800003                      -9.0811116
                      93                      -7.2643293
               93.199997                      -5.4105843
               93.400002                      -3.5203685
               93.599998                      -1.5944473
               93.800003                      0.36591434
                      94                        2.358957
               94.199997                       4.3823927
               94.400002                       6.4333273
               94.599998                       8.5079835
               94.800003                        10.60179
                      95                       12.709135
               95.199997                       14.823098
               95.400002                       16.935351
               95.599998                       19.035873
               95.800003                       21.112737
                      96                        23.15171
               96.199997                       25.136018
               96.400002                       27.046144
               96.599998                        28.85954
               96.800003                       30.550375
                      97                       32.089659
               97.199997                       33.445376
               97.400002                       34.582894
               97.599998                       35.465799
               97.800003                       36.057236
                      98                       36.321452
               98.199997                       36.226254
               98.400002                       35.745482
               98.599998                       34.862007
               98.800003                        33.57063
                      99                       31.880445
               99.199997                        29.81658
               99.400002                       27.420543
               99.599998                       24.749042
               99.800003                         21.8713
                     100                       18.865056
                   100.2                        15.81164
                   100.4                       12.790826
                   100.6                       9.8761508
                   100.8                       7.1311623
                     101                       4.6069846
                   101.2                       2.3412266
                   101.4                      0.35816112
                   101.6                      -1.3301577
                   101.8                      -2.7221235
                     102                      -3.8245212
                   102.2                      -4.6504262
                   102.4                      -5.2172212
                   102.6                      -5.5449109
                   102.8                      -5.6547596
                     103                      -5.5681357
                   103.2                      -5.3058228
                   103.4                      -4.8873783
                   103.6                      -4.3308804
                   103.8                      -3.6526635
                     104                      -2.8672896
                   104.2                      -1.9875596
                   104.4                      -1.0246249
                   104.6                     0.011989957
                   104.8                       1.1141293
                     105                        2.274912
                   105.2                        3.488611
                   105.4                       4.7504069
                   105.6                       6.0563137
                   105.8                       7.4029979
                     106                       8.7876879
                   106.2                       10.207982
                   106.4                       11.661834
                   106.6                       13.147449
                   106.8                        14.66316
                     107                       16.207394
                   107.2                       17.778662
                   107.4                       19.375466
                   107.6                       20.996301
                   107.8                       22.639705
                     108                       24.304151
                   108.2                       25.988084
                   108.4                       27.690016
                   108.6                       29.408478
                   108.8                       31.141972
                     109                       32.889166
                   109.2                        34.64879
                   109.4                       36.419668
                   109.6                       38.200852
                   109.8                       39.991494
                     110                       41.790976
                   110.2                       43.598923
                   110.4                       45.415088
                   110.6                       47.239488
                   110.8                       49.072298
                     111                       50.913892
                   111.2                       52.764757
                   111.4                       54.625497
                   111.6                       56.496693
                   111.8                       58.378963
                     112                       60.272771
                   112.2                       62.178446
                   112.4                        64.09602
                   112.6                       66.025152
                   112.8                       67.965106
                     113                       69.914557
                   113.2                       71.871494
                   113.4                       73.833241
                   113.6                       75.796239
                   113.8                       77.755976
                     114                        79.70694
                   114.2                       81.642441
                   114.4                       83.554553
                   114.6                       85.434055
                   114.8                       87.270234
                     115                       89.050844
                   115.2                       90.761959
                   115.4                       92.387892
                   115.6                       93.910959
                   115.8                       95.311434
                     116                       96.567268
                   116.2                       97.654128
                   116.4                       98.544839
                   116.6                       99.209492
                   116.8                       99.615061
                     117                       99.725132
                   117.2                       99.499805
                   117.4                       98.895433
                   117.6                       97.864543
                   117.8                       96.355696
                     118                       94.313815
                   118.2                       91.680645
                   118.4                        88.39546
                   118.6                       84.396089
                   118.8                       79.621398
                     119                       74.012542
                   119.2                       67.517166
                   119.4                       60.093235
                   119.6                       51.713195
                   119.8                       42.369144
                     120                       32.078022
                   120.2                        20.88729
                   120.4                       8.8774402
                   120.6                      -3.8348527
                   120.8                       -17.09867
                     121                      -30.729852
                   121.2                      -44.519947
                   121.4                      -58.245127
                   121.6                      -71.675444
                   121.8                      -84.591236
                     122                      -96.791227
                   122.2                        -108.105
                   122.4                      -118.39875
                   122.6                      -127.57934
                   122.8                      -135.59448
                     123                      -142.43034
                   123.2                       -148.1063
                   123.4                      -152.66864
                   123.6                      -156.18404
                   123.8                      -158.73259
                     124                      -160.40259
                   124.2                      -161.28519
                   124.4                      -161.47061
                   124.6                      -161.04555
                   124.8                      -160.09101
                     125                      -158.68138
                   125.2                      -156.88391
                   125.4                      -154.75841
                   125.6                       -152.3578
                   125.8                      -149.72827
                     126                      -146.91004
                   126.2                      -143.93793
                   126.4                      -140.84181
                   126.6                      -137.64748
                   126.8                      -134.37694
                     127                      -131.04921
                   127.2                      -127.68045
                   127.4                      -124.28467
                   127.6                       -120.8737
                   127.8                      -117.45787
                     128                      -114.04597
                   128.2                      -110.64555
               128.39999                      -107.26317
               128.60001                      -103.90439
                   128.8                      -100.57398
                     129                      -97.276104
                   129.2                      -94.014183
               129.39999                      -90.791154
               129.60001                      -87.609507
                   129.8                      -84.471222
                     130                      -81.377939
                   130.2                      -78.331062
               130.39999                      -75.331528
               130.60001                      -72.380089
                   130.8                      -69.477256
                     131                      -66.623375
                   131.2                      -63.818468
               131.39999                      -61.062573
               131.60001                      -58.355436
                   131.8                      -55.696706
                     132                      -53.086002
                   132.2                      -50.522757
               132.39999                      -48.006363
               132.60001                      -45.536111
                   132.8                      -43.111351
                     133                      -40.731254
                   133.2                      -38.395062
               133.39999                       -36.10203
               133.60001                      -33.851404
                   133.8                      -31.642448
                     134                      -29.474493
                   134.2                      -27.346995
               134.39999                      -25.259496
               134.60001                      -23.211682
                   134.8                      -21.203356
                     135                      -19.234547
                   135.2                      -17.305502
               135.39999                      -15.416694
               135.60001                      -13.568871
                   135.8                      -11.763104
                     136                      -10.000777
                   136.2                      -8.2836076
               136.39999                      -6.6137272
               136.60001                      -4.9936243
                   136.8                      -3.4262181
                     137                      -1.9148564
                   137.2                     -0.46330487
               137.39999                      0.92422664
               137.60001                       2.2430996
                   137.8                       3.4882454
                     138                       4.6541957
                   138.2                       5.7350882
               138.39999                       6.7246945
               138.60001                       7.6164589
                   138.8                        8.403559
                     139                       9.0789166
                   139.2                       9.6352755
               139.39999                       10.065283
               139.60001                       10.361475
                   139.8                       10.516417
                     140                       10.522771
                   140.2                       10.373345
               140.39999                       10.061086
               140.60001                       9.5794699
                   140.8                       8.9220532
                     141                        8.083091
                   141.2                       7.0573525
               141.39999                        5.840169
               141.60001                       4.4277652
                   141.8                       2.8172369
                     142                       1.0066001
                   142.2                      -1.0046317
               142.39999                       -3.215838
               142.60001                      -5.6246882
                   142.8                       -8.227091
                     143                      -11.016917
                   143.2                      -13.985812
               143.39999                      -17.122828
               143.60001                      -20.414756
                   143.8                       -23.84538
                     144                      -27.395643
                   144.2                      -31.044091
               144.39999                      -34.766469
               144.60001                       -38.53638
                   144.8                      -42.325406
                     145                      -46.103597
                   145.2                       -49.84063
               145.39999                      -53.505482
               145.60001                      -57.068116
                   145.8                      -60.499776
                     146                      -63.773535
                   146.2                      -66.865189
               146.39999                      -69.753696
               146.60001                      -72.421616
                   146.8                      -74.855049
                     147                      -77.044148
                   147.2                      -78.982707
               147.39999                      -80.668392
               147.60001                      -82.101893
                   147.8                      -83.287056
                     148                      -84.230213
                   148.2                      -84.939875
               148.39999                      -85.426103
               148.60001                      -85.700257
                   148.8                      -85.774518
                     149                      -85.661498
                   149.2                      -85.374049
               149.39999                      -84.924871
               149.60001                      -84.326442
                   149.8                       -83.59074
                     150                      -82.729153
                   150.2                      -81.752561
               150.39999                      -80.671029
               150.60001                      -79.494006
                   150.8                      -78.230208
                     151                      -76.887694
                   151.2                      -75.473907
               151.39999                      -73.995669
               151.60001                      -72.459208
                   151.8                      -70.870295
                     152                      -69.234166
                   152.2                      -67.555694
               152.39999                      -65.839268
               152.60001                      -64.088991
                   152.8                      -62.308619
                     153                      -60.501529
                   153.2                      -58.670907
               153.39999                      -56.819547
               153.60001                      -54.950124
                   153.8                      -53.064999
                     154                       -51.16627
                   154.2                      -49.255872
               154.39999                      -47.335563
               154.60001                       -45.40672
                   154.8                      -43.470719
                     155                      -41.528602
                   155.2                      -39.581279
               155.39999                      -37.629496
               155.60001                      -35.673853
                   155.8                      -33.714661
                     156                      -31.752297
                   156.2                      -29.786813
               156.39999                      -27.818234
               156.60001                      -25.846473
                   156.8                       -23.87126
                     157                      -21.892457
                   157.2                      -19.909577
               157.39999                      -17.922392
               157.60001                      -15.930418
                   157.8                      -13.933158
                     158                      -11.930236
                   158.2                      -9.9212266
               158.39999                      -7.9057831
               158.60001                      -5.8834874
                   158.8                       -3.854029
                     159                      -1.8172571
                   159.2                       0.2272292
               159.39999                       2.2793457
               159.60001                       4.3392022
                   159.8                       6.4067344
                     160                       8.4818373
                   160.2                       10.564239
               160.39999                       12.653796
               160.60001                        14.74989
                   160.8                       16.852173
                     161                       18.960047
                   161.2                       21.072936
               161.39999                       23.190011
               161.60001                       25.310668
                   161.8                       27.433886
                     162                       29.558998
                   162.2                       31.684903
               162.39999                       33.810814
               162.60001                        35.93553
                   162.8                       38.058263
                     163                       40.177927
                   163.2                       42.293494
               163.39999                       44.403924
               163.60001                       46.508169
                   163.8                       48.605191
                     164                       50.693818
                   164.2                       52.772994
               164.39999                       54.841376
               164.60001                       56.897867
                   164.8                       58.940715
                     165                       60.968423
                   165.2                        62.97901
               165.39999                       64.970314
               165.60001                       66.939733
                   165.8                        68.88425
                     166                       70.800137
                   166.2                       72.683452
               166.39999                       74.529202
               166.60001                       76.331669
                   166.8                       78.084343
                     167                        79.77967
                   167.2                       81.409131
               167.39999                       82.963133
               167.60001                       84.430837
                   167.8                       85.800457
                     168                       87.058939
                   168.2                       88.192161
               168.39999                       89.185049
               168.60001                       90.021707
                   168.8                       90.685489
                     169                       91.159343
                   169.2                       91.426142
               169.39999                       91.469035
               169.60001                       91.271712
                   169.8                       90.819125
                     170                       90.097683
                   170.2                       89.096242
               170.39999                       87.805959
               170.60001                       86.221458
                   170.8                       84.340558
                     171                       82.165439
                   171.2                       79.702177
               171.39999                       76.960957
               171.60001                       73.956799
                   171.8                        70.70846
                     172                       67.238314
                   172.2                       63.572434
               172.39999                       59.740304
               172.60001                       55.772327
                   172.8                       51.702017
                     173                       47.562814
                   173.2                       43.388623
               173.39999                        39.21402
               173.60001                       35.071406
                   173.8                        30.99236
                     174                       27.006871
                   174.2                       23.142043
               174.39999                       19.422898
               174.60001                       15.872367
                   174.8                       12.509091
                     175                       9.3503636
                   175.2                       6.4100274
               175.39999                       3.6982251
               175.60001                       1.2230023
                   175.8                       -1.010479
                     176                      -2.9993863
                   176.2                      -4.7433866
               176.39999                      -6.2445131
               176.60001                      -7.5069993
                   176.8                      -8.5363347
                     177                      -9.3392273
                   177.2                      -9.9240859
               177.39999                      -10.300162
               177.60001                      -10.477669
                   177.8                      -10.466825
                     178                      -10.278396
                   178.2                      -9.9231757
               178.39999                      -9.4120842
               178.60001                      -8.7556645
                   178.8                       -7.964261
                     179                      -7.0477003
                   179.2                      -6.0155076
               179.39999                        -4.87647
               179.60001                      -3.6389425
                   179.8                      -2.3105028
                     180                     -0.89843503
                   180.2                      0.59098907
               180.39999                       2.1517948
               180.60001                       3.7786563
                   180.8                       5.4668504
                     181                       7.2122274
                   181.2                       9.0109785
               181.39999                       10.859915
               181.60001                       12.756196
                   181.8                       14.697334
                     182                       16.681314
                   182.2                       18.706298
               182.39999                       20.770796
               182.60001                       22.873585
                   182.8                       25.013678
                     183                       27.190211
                   183.2                       29.402596
               183.39999                       31.650304
               183.60001                       33.933054
                   183.8                       36.250576
                     184                       38.602782
                   184.2                       40.989697
               184.39999                       43.411411
               184.60001                       45.868131
                   184.8                       48.360156
                     185                       50.887895
                   185.2                        53.45184
               185.39999                       56.052584
               185.60001                        58.69086
                   185.8                       61.367469
                     186                       64.083365
                   186.2                       66.839604
               186.39999                       69.637377
               186.60001                       72.478022
                   186.8                       75.362999
                     187                       78.293901
                   187.2                       81.272505
               187.39999                       84.300593
               187.60001                       87.380303
                   187.8                       90.513824
                     188                       93.703232
                   188.2                         96.9511
               188.39999                       100.25989
               188.60001                       103.63223
                   188.8                       107.07071
                     189                       110.57824
                   189.2                       114.15741
               189.39999                       117.81127
               189.60001                       121.54249
                   189.8                       125.35393
                     190                       129.24839
                   190.2                       133.22838
               190.39999                       137.29664
               190.60001                       141.45538
                   190.8                       145.70687
                     191                       150.05307
                   191.2                       154.49529
               191.39999                       159.03513
               191.60001                       163.67292
                   191.8                       168.40887
                     192                       173.24245
                   192.2                        178.1723
               192.39999                       183.19602
               192.60001                       188.30982
                   192.8                       193.50892
                     193                       198.78647
                   193.2                       204.13337
               193.39999                       209.53875
               193.60001                       214.98852
                   193.8                       220.46462
                     194                        225.9456
                   194.2                       231.40466
               194.39999                       236.80942
               194.60001                        242.1204
                   194.8                       247.29089
                     195                       252.26425
                   195.2                       256.97362
               195.39999                       261.34012
               195.60001                       265.27134
                   195.8                       268.65975
                     196                       271.38197
                   196.2                        273.2974
               196.39999                       274.24945
               196.60001                       274.06409
                   196.8                        272.5545
                     197                        269.5224
                   197.2                       264.76999
               197.39999                       258.09976
               197.60001                       249.33536
                   197.8                        238.3305
                     198                       224.98982
                   198.2                       209.27152
               198.39999                       191.22702
               198.60001                       170.98988
                   198.8                       148.79707
                     199                       124.96959
                   199.2                       99.920802
               199.39999                       74.120768
               199.60001                       48.073222
                   199.8                       22.291446
                     200                      -2.7421469
                   200.2                      -26.611788
               200.39999                      -48.951037
               200.60001                      -69.494313
                   200.8                      -88.060888
                     201                      -104.55148
                   201.2                      -118.94123
               201.39999                      -131.26503
               201.60001                      -141.60267
                   201.8                      -150.07153
                     202                      -156.80913
                   202.2                      -161.96794
               202.39999                      -165.69842
               202.60001                      -168.15181
                   202.8                      -169.47615
                     203                      -169.80511
                   203.2                      -169.26468
               203.39999                      -167.97099
               203.60001                      -166.02631
                   203.8                      -163.52425
                     204                      -160.54611
                   204.2                      -157.16298
               204.39999                      -153.43991
               204.60001                      -149.43275
                   204.8                      -145.18893
                     205                      -140.75134
                   205.2                      -136.15577
               205.39999                      -131.43519
               205.60001                      -126.61554
                   205.8                      -121.72186
                     206                      -116.77281
                   206.2                      -111.78698
               206.39999                       -106.7785
               206.60001                      -101.76106
                   206.8                      -96.744641
                     207                      -91.739903
                   207.2                      -86.753539
               207.39999                      -81.793944
               207.60001                      -76.866415
                   207.8                      -71.976398
                     208                      -67.129619
                   208.2                       -62.32965
               208.39999                       -57.58129
               208.60001                      -52.889068
                   208.8                      -48.255781
                     209                      -43.686164
                   209.2                      -39.184443
               209.39999                      -34.754945
               209.60001                      -30.402496
                   209.8                      -26.131289
                     210                       -21.94753
                   210.2                      -17.855358
               210.39999                      -13.863566
               210.60001                      -9.9754393
                   210.8                      -6.2000381
                     211                      -2.5448488
                   211.2                       0.9837795
               211.39999                        4.376015
               211.60001                       7.6260237
                   211.8                        10.72117
                     212                       13.655131
                   212.2                       16.417426
               212.39999                       18.999001
               212.60001                       21.389777
                   212.8                        23.57863
                     213                       25.557446
                   213.2                       27.313702
               213.39999                       28.836571
               213.60001                       30.115888
                   213.8                       31.137594
                     214                       31.889451
                   214.2                       32.355056
               214.39999                       32.519857
               214.60001                       32.364387
                   214.8                       31.868307
                     215                       31.006082
                   215.2                       29.751547
               215.39999                       28.073393
               215.60001                       25.934156
                   215.8                       23.295479
                     216                        20.10641
                   216.2                       16.317074
               216.39999                       11.868448
               216.60001                       6.6950895
                   216.8                      0.72262285
                     217                      -6.1217681
                   217.2                      -13.925693
               217.39999                      -22.768726
               217.60001                      -32.746051
                   217.8                      -43.940128
                     218                      -56.436995
                   218.2                       -70.31217
               218.39999                      -85.628347
               218.60001                      -102.42583
                   218.8                      -120.71893
                     219                      -140.49159
                   219.2                       -161.6803
               219.39999                      -184.18028
               219.60001                      -207.82411
                   219.8                      -232.39466
                     220                      -257.61667
                   220.2                      -283.16428
               220.39999                      -308.66592
               220.60001                       -333.7345
                   220.8                      -357.96419
                     221                      -380.96535
                   221.2                      -402.37617
               221.39999                      -421.89229
               221.60001                      -439.26663
                   221.8                      -454.33257
                     222                      -466.99893
                   222.2                      -477.25027
               222.39999                       -485.1388
               222.60001                      -490.77498
                   222.8                      -494.31266
                     223                      -495.93809
                   223.2                      -495.85531
               223.39999                      -494.27666
               223.60001                      -491.41347
                   223.8                      -487.46638
                     224                      -482.62286
                   224.2                       -477.0535
               224.39999                      -470.91501
               224.60001                      -464.33592
                   224.8                      -457.43373
                     225                      -450.30787
                   225.2                      -443.03412
               225.39999                       -435.6835
               225.60001                      -428.30672
                   225.8                      -420.94483
                     226                      -413.63306
                   226.2                      -406.39202
               226.39999                      -399.23933
               226.60001                      -392.18654
                   226.8                      -385.23976
                     227                      -378.40087
                   227.2                       -371.6734
               227.39999                       -365.0551
               227.60001                      -358.54368
                   227.8                      -352.13709
                     228                      -345.83139
                   228.2                      -339.62563
               228.39999                      -333.51607
               228.60001                      -327.50538
                   228.8                      -321.59009
                     229                      -315.77205
                   229.2                      -310.05236
               229.39999                      -304.43648
               229.60001                      -298.92363
                   229.8                       -293.5189
                     230                      -288.22829
                   230.2                       -283.0519
               230.39999                      -277.99759
               230.60001                      -273.06656
                   230.8                      -268.26495
                     231                      -263.59349
                   231.2                      -259.05697
               231.39999                      -254.65725
               231.60001                      -250.39456
                   231.8                      -246.27212
                     232                      -242.28899
                   232.2                      -238.44541
               232.39999                      -234.73918
               232.60001                      -231.16938
                   232.8                      -227.73466
                     233                      -224.43041
                   233.2                      -221.25412
               233.39999                      -218.20179
               233.60001                      -215.26777
                   233.8                      -212.44927
                     234                      -209.73974
                   234.2                      -207.13492
               234.39999                      -204.62795
               234.60001                      -202.21363
                   234.8                      -199.88696
                     235                      -197.64091
                   235.2                      -195.47124
               235.39999                       -193.3725
               235.60001                      -191.33901
                   235.8                      -189.36644
                     236                      -187.45014
                   236.2                      -185.58638
               236.39999                      -183.77158
               236.60001                      -182.00299
                   236.8                       -180.2769
                     237                      -178.59196
                   237.2                       -176.9462
               237.39999                      -175.33746
               237.60001                      -173.76479
                   237.8                        -172.227
                     238                      -170.72311
                   238.2                      -169.25217
               238.39999                      -167.81373
               238.60001                      -166.40679
                   238.8                       -165.0307
                     239                      -163.68424
                   239.2                       -162.3672
               239.39999                      -161.07783
               239.60001                      -159.81525
                   239.8                      -158.57857
                     240                      -157.36601
                   240.2                      -156.17629
               240.39999                        -155.009
               240.60001                      -153.86133
                   240.8                      -152.73362
                     241                      -151.62386
                   241.2                       -150.5315
               241.39999                      -149.45568
               241.60001                      -148.39585
                   241.8                      -147.35204
                     242                      -146.32384
                   242.2                      -145.31144
               242.39999                      -144.31543
               242.60001                      -143.33649
                   242.8                      -142.37496
                     243                      -141.43158
                   243.2                      -140.50743
               243.39999                      -139.60327
               243.60001                      -138.71947
                   243.8                      -137.85675
                     244                      -137.01562
                   244.2                      -136.19593
               244.39999                      -135.39775
               244.60001                      -134.62042
                   244.8                      -133.86338
                     245                       -133.1255
                   245.2                      -132.40507
               245.39999                      -131.70037
               245.60001                      -131.00991
                   245.8                      -130.33128
                     246                      -129.66215
                   246.2                      -129.00072
               246.39999                      -128.34443
               246.60001                      -127.69155
                   246.8                      -127.03991
                     247                      -126.38856
                   247.2                      -125.73626
               247.39999                      -125.08216
               247.60001                      -124.42628
                   247.8                      -123.76884
                     248                      -123.11081
                   248.2                      -122.45375
               248.39999                      -121.79916
               248.60001                      -121.14936
                   248.8                      -120.50682
                     249                      -119.87448
                   249.2                      -119.25561
               249.39999                       -118.6534
               249.60001                      -118.07118
                   249.8                      -117.51217
                     250                      -116.97967

