        Frequency / MHz                Simulation/real
----------------------------------------------------------------------
                      50                      0.69257033
               50.200001                      0.72865335
               50.400002                      0.75449216
               50.599998                      0.76907646
               50.799999                      0.77186863
                      51                      0.76299168
               51.200001                      0.74318788
               51.400002                      0.71370186
               51.599998                      0.67620799
               51.799999                      0.63283759
                      52                      0.58589132
               52.200001                      0.53787527
               52.400002                      0.49122729
               52.599998                      0.44828932
               52.799999                      0.41117657
                      53                      0.38159365
               53.200001                       0.3608936
               53.400002                      0.34992373
               53.599998                      0.34900692
               53.799999                      0.35796714
                      54                      0.37619102
               54.200001                      0.40253372
               54.400002                      0.43553445
               54.599998                      0.47341055
               54.799999                      0.51421627
                      55                      0.55585985
               55.200001                      0.59631402
               55.400002                      0.63361522
               55.599998                       0.6660202
               55.799999                      0.69208417
                      56                      0.71066474
               56.200001                      0.72109454
               56.400002                      0.72310601
               56.599998                      0.71684845
               56.799999                       0.7029106
                      57                      0.68225632
               57.200001                      0.65617988
               57.400002                      0.62624652
               57.599998                      0.59415109
               57.799999                      0.56172111
                      58                      0.53071231
               58.200001                       0.5027923
               58.400002                      0.47950093
               58.599998                      0.46203225
               58.799999                      0.45132333
                      59                        0.447933
               59.200001                      0.45205293
               59.400002                      0.46356535
               59.599998                      0.48189649
               59.799999                      0.50622253
                      60                      0.53545486
               60.200001                      0.56824497
               60.400002                      0.60319831
               60.599998                      0.63877405
               60.799999                      0.67350686
                      61                      0.70599027
               61.200001                      0.73502573
               61.400002                      0.75957366
               61.599998                      0.77890058
               61.799999                      0.79257219
                      62                      0.80051473
               62.200001                      0.80291208
               62.400002                      0.80030309
               62.599998                      0.79350824
               62.799999                      0.78356267
                      63                      0.77171112
               63.200001                      0.75930582
               63.400002                      0.74772693
               63.599998                      0.73840697
               63.799999                      0.73259306
                      64                       0.7314626
               64.199997                      0.73597997
               64.400002                      0.74686029
               64.599998                      0.76457476
               64.800003                      0.78929963
                      65                      0.82097895
               65.199997                      0.85926068
               65.400002                      0.90360162
               65.599998                      0.95325021
               65.800003                       1.0073602
                      66                        1.064994
               66.199997                       1.1251414
               66.400002                       1.1869284
               66.599998                       1.2495071
               66.800003                       1.3122177
                      67                       1.3745706
               67.199997                       1.4363302
               67.400002                       1.4974917
               67.599998                       1.5583151
               67.800003                       1.6192955
                      68                       1.6811873
               68.199997                       1.7449413
               68.400002                       1.8116311
               68.599998                       1.8824721
               68.800003                        1.958711
                      69                       2.0415708
               69.199997                       2.1322044
               69.400002                       2.2315903
               69.599998                        2.340537
               69.800003                       2.4595782
                      70                       2.5889761
               70.199997                        2.728691
               70.400002                       2.8782792
               70.599998                       3.0370435
               70.800003                       3.2039228
                      71                       3.3775177
               71.199997                       3.5562381
               71.400002                       3.7381814
               71.599998                       3.9213201
               71.800003                       4.1034597
                      72                       4.2823829
               72.199997                       4.4558865
               72.400002                       4.6218203
               72.599998                       4.7781862
               72.800003                       4.9231915
                      73                       5.0553077
               73.199997                       5.1732852
               73.400002                       5.2762509
               73.599998                       5.3636839
               73.800003                       5.4354276
                      74                        5.491699
               74.199997                       5.5330598
               74.400002                       5.5603893
               74.599998                        5.574814
               74.800003                       5.5777164
                      75                       5.5706206
               75.199997                        5.555124
               75.400002                       5.5328485
               75.599998                       5.5054013
               75.800003                       5.4742976
                      76                       5.4408716
               76.199997                        5.406342
               76.400002                       5.3716686
               76.599998                       5.3376096
               76.800003                       5.3046883
                      77                       5.2732304
               77.199997                       5.2433357
               77.400002                       5.2149368
               77.599998                       5.1878455
               77.800003                       5.1617493
                      78                       5.1362841
               78.199997                       5.1110535
               78.400002                       5.0856932
               78.599998                       5.0598928
               78.800003                       5.0334278
                      79                       5.0061736
               79.199997                       4.9781529
               79.400002                       4.9495129
               79.599998                       4.9205491
               79.800003                       4.8916449
                      80                       4.8633612
               80.199997                       4.8362739
               80.400002                        4.811076
               80.599998                       4.7884513
               80.800003                       4.7691077
                      81                       4.7536954
               81.199997                       4.7427955
               81.400002                          4.7369
               81.599998                       4.7363775
               81.800003                       4.7414689
                      82                       4.7522526
               82.199997                       4.7686668
               82.400002                        4.790504
               82.599998                       4.8174232
               82.800003                       4.8489617
                      83                       4.8845695
               83.199997                       4.9236174
               83.400002                       4.9654542
               83.599998                       5.0094113
               83.800003                        5.054866
                      84                       5.1012407
               84.199997                       5.1480464
               84.400002                       5.1949205
               84.599998                       5.2416368
               84.800003                       5.2881242
                      85                       5.3344503
               85.199997                       5.3808649
               85.400002                       5.4277633
               85.599998                       5.4756834
               85.800003                       5.5252902
                      86                       5.5773335
               86.199997                       5.6326577
               86.400002                       5.6921185
               86.599998                       5.7566121
               86.800003                       5.8269818
                      87                       5.9040554
               87.199997                       5.9885727
               87.400002                       6.0811637
               87.599998                       6.1823865
               87.800003                        6.292659
                      88                       6.4122843
               88.199997                       6.5414643
               88.400002                       6.6802855
               88.599998                       6.8287676
               88.800003                       6.9868538
                      89                       7.1544765
               89.199997                       7.3315523
               89.400002                       7.5180544
               89.599998                       7.7140189
               89.800003                       7.9195934
                      90                       8.1350984
               90.199997                       8.3610217
               90.400002                       8.5980898
               90.599998                       8.8472671
               90.800003                       9.1098096
                      91                       9.3872683
               91.199997                       9.6814989
               91.400002                       9.9946778
               91.599998                       10.329328
               91.800003                       10.688271
                      92                       11.074666
               92.199997                       11.491997
               92.400002                       11.944064
               92.599998                       12.434968
               92.800003                       12.969132
                      93                       13.551291
               93.199997                       14.186492
               93.400002                        14.88011
               93.599998                       15.637866
               93.800003                       16.465836
                      94                       17.370467
               94.199997                       18.358607
               94.400002                       19.437513
               94.599998                       20.614864
               94.800003                       21.898765
                      95                       23.297742
               95.199997                       24.820676
               95.400002                       26.476758
               95.599998                       28.275352
               95.800003                       30.225864
                      96                       32.337412
               96.199997                        34.61856
               96.400002                       37.076824
               96.599998                       39.718096
               96.800003                       42.545896
                      97                       45.560487
               97.199997                        48.75786
               97.400002                       52.128536
               97.599998                        55.65637
               97.800003                        59.31741
                      98                       63.078844
               98.199997                       66.898483
               98.400002                       70.724703
               98.599998                       74.497278
               98.800003                        78.14926
                      99                       81.609735
               99.199997                       84.807771
               99.400002                       87.676886
               99.599998                       90.159618
               99.800003                       92.211787
                     100                       93.805682
                   100.2                       94.931763
                   100.4                       95.598585
                   100.6                       95.831189
                   100.8                       95.668142
                     101                       95.157812
                   101.2                        94.35436
                   101.4                       93.314002
                   101.6                       92.091828
                   101.8                       90.739374
                     102                       89.302995
                   102.2                       87.822959
                   102.4                       86.333136
                   102.6                       84.861146
                   102.8                       83.428817
                     103                       82.052783
                   103.2                       80.745223
                   103.4                       79.514565
                   103.6                       78.366181
                   103.8                       77.303012
                     104                       76.326127
                   104.2                       75.435195
                   104.4                       74.628894
                   104.6                       73.905243
                   104.8                       73.261876
                     105                       72.696237
                   105.2                       72.205777
                   105.4                       71.788042
                   105.6                       71.440801
                   105.8                        71.16207
                     106                       70.950171
                   106.2                       70.803725
                   106.4                       70.721662
                   106.6                       70.703214
                   106.8                       70.747863
                     107                       70.855321
                   107.2                       71.025512
                   107.4                       71.258497
                   107.6                       71.554453
                   107.8                        71.91367
                     108                       72.336455
                   108.2                       72.823128
                   108.4                        73.37403
                   108.6                       73.989491
                   108.8                       74.669746
                     109                       75.415074
                   109.2                       76.225689
                   109.4                       77.101766
                   109.6                        78.04355
                   109.8                       79.051249
                     110                       80.125191
                   110.2                       81.265846
                   110.4                       82.473769
                   110.6                       83.749806
                   110.8                       85.095012
                     111                       86.510812
                   111.2                       87.999029
                   111.4                        89.56191
                   111.6                       91.202136
                   111.8                       92.923017
                     112                       94.728361
                   112.2                       96.622595
                   112.4                       98.610809
                   112.6                       100.69861
                   112.8                       102.89236
                     113                       105.19903
                   113.2                       107.62602
                   113.4                       110.18148
                   113.6                       112.87406
                   113.8                       115.71283
                     114                       118.70739
                   114.2                       121.86761
                   114.4                       125.20374
                   114.6                        128.7262
                   114.8                       132.44576
                     115                       136.37295
                   115.2                       140.51849
                   115.4                       144.89283
                   115.6                       149.50623
                   115.8                       154.36838
                     116                       159.48871
                   116.2                       164.87535
                   116.4                       170.53586
                   116.6                       176.47614
                   116.8                       182.70032
                     117                       189.21048
                   117.2                       196.00578
                   117.4                       203.08174
                   117.6                        210.4294
                   117.8                       218.03462
                     118                       225.87628
                   118.2                       233.92497
                   118.4                       242.14155
                   118.6                       250.47551
                   118.8                       258.86268
                     119                       267.22471
                   119.2                       275.46685
                   119.4                       283.47737
                   119.6                       291.12844
                   119.8                       298.27725
                     120                       304.76937
                   120.2                       310.44313
                   120.4                       315.13708
                   120.6                       318.69798
                   120.8                       320.99036
                     121                       321.90638
                   121.2                       321.37452
                   121.4                       319.36631
                   121.6                       315.90089
                   121.8                       311.04371
                     122                       304.90412
                   122.2                       297.62693
                   122.4                       289.38373
                   122.6                        280.3617
                   122.8                       270.75275
                     123                       260.74361
                   123.2                       250.50834
                   123.4                       240.20266
                   123.6                       229.96063
                   123.8                       219.89399
                     124                        210.0911
                   124.2                       200.61962
                   124.4                       191.52889
                   124.6                       182.85171
                   124.8                       174.60751
                     125                       166.80462
                   125.2                        159.4434
                   125.4                       152.51751
                   125.6                       146.01614
                   125.8                       139.92476
                     126                       134.22739
                   126.2                       128.90645
                   126.4                       123.94378
                   126.6                       119.32141
                   126.8                       115.02129
                     127                       111.02642
                   127.2                       107.32008
                   127.4                        103.8866
                   127.6                       100.71086
                   127.8                       97.778805
                     128                       95.077038
                   128.2                       92.593012
               128.39999                       90.314952
               128.60001                        88.23172
                   128.8                       86.332817
                     129                       84.608523
                   129.2                       83.049515
               129.39999                       81.647122
               129.60001                       80.393188
                   129.8                       79.279956
                     130                       78.300195
                   130.2                       77.447186
               130.39999                       76.714489
               130.60001                       76.096119
                   130.8                       75.586458
                     131                        75.18031
                   131.2                       74.872688
               131.39999                       74.659128
               131.60001                       74.535322
                   131.8                       74.497314
                     132                       74.541544
                   132.2                       74.664617
               132.39999                       74.863514
               132.60001                       75.135425
                   132.8                       75.477938
                     133                       75.888771
                   133.2                       76.365999
               133.39999                       76.907988
               133.60001                       77.513318
                   133.8                       78.180848
                     134                       78.909688
                   134.2                       79.699257
               134.39999                       80.549202
               134.60001                       81.459426
                   134.8                       82.430038
                     135                       83.461406
                   135.2                       84.554107
               135.39999                       85.708905
               135.60001                       86.926723
                   135.8                       88.208662
                     136                       89.555927
                   136.2                       90.969784
               136.39999                       92.451588
               136.60001                        94.00266
                   136.8                       95.624307
                     137                        97.31775
                   137.2                       99.084063
               137.39999                       100.92414
               137.60001                       102.83862
                   137.8                       104.82784
                     138                       106.89179
                   138.2                       109.03003
               138.39999                       111.24163
               138.60001                       113.52514
                   138.8                       115.87854
                     139                       118.29913
                   139.2                       120.78356
               139.39999                       123.32772
               139.60001                       125.92677
                   139.8                       128.57506
                     140                       131.26609
                   140.2                       133.99253
               140.39999                        136.7462
               140.60001                       139.51798
                   140.8                       142.29791
                     141                       145.07509
                   141.2                       147.83768
               141.39999                       150.57295
               141.60001                       153.26719
                   141.8                       155.90576
                     142                       158.47309
                   142.2                       160.95272
               142.39999                        163.3273
               142.60001                       165.57871
                   142.8                       167.68818
                     143                        169.6364
                   143.2                       171.40381
               143.39999                       172.97085
               143.60001                       174.31825
                   143.8                       175.42751
                     144                       176.28146
                   144.2                       176.86444
               144.39999                       177.16312
               144.60001                       177.16684
                   144.8                       176.86819
                     145                       176.26353
                   145.2                       175.35273
               145.39999                       174.14032
               145.60001                       172.63458
                   145.8                       170.84789
                     146                       168.79654
                   146.2                       166.50008
               146.39999                        163.9809
               146.60001                        161.2633
                   146.8                       158.37358
                     147                       155.33847
                   147.2                       152.18529
               147.39999                       148.94005
               147.60001                       145.62877
                   147.8                       142.27552
                     148                       138.90249
                   148.2                       135.52989
               148.39999                       132.17608
               148.60001                       128.85663
                   148.8                       125.58556
                     149                       122.37404
                   149.2                       119.23186
               149.39999                       116.16666
               149.60001                       113.18452
                   149.8                       110.28996
                     150                       107.48621
                   150.2                       104.77569
               150.39999                       102.15955
               150.60001                       99.638311
                   150.8                       97.211887
                     151                        94.87962
                   151.2                       92.640566
               151.39999                       90.493412
               151.60001                       88.436483
                   151.8                       86.468138
                     152                         84.5864
                   152.2                       82.789389
               152.39999                        81.07497
               152.60001                       79.441069
                   152.8                       77.885581
                     153                       76.406291
                   153.2                        75.00106
               153.39999                       73.667639
               153.60001                       72.403911
                   153.8                        71.20771
                     154                       70.076809
                   154.2                       69.009121
               154.39999                       68.002582
               154.60001                        67.05503
                   154.8                       66.164521
                     155                       65.329061
                   155.2                        64.54674
               155.39999                       63.815769
               155.60001                       63.134443
                   155.8                       62.501064
                     156                       61.914196
                   156.2                       61.372377
               156.39999                       60.874354
               156.60001                       60.418979
                   156.8                        60.00522
                     157                       59.632255
                   157.2                       59.299314
               157.39999                       59.005878
               157.60001                       58.751488
                   157.8                       58.535852
                     158                       58.358845
                   158.2                       58.220471
               158.39999                       58.120861
               158.60001                       58.060276
                   158.8                       58.039078
                     159                       58.057764
                   159.2                       58.116907
               159.39999                       58.217185
               159.60001                       58.359356
                   159.8                       58.544235
                     160                       58.772707
                   160.2                         59.0457
               160.39999                       59.364216
               160.60001                       59.729212
                   160.8                        60.14174
                     161                       60.602829
                   161.2                       61.113547
               161.39999                       61.674896
               161.60001                          62.288
                   161.8                       62.953812
                     162                       63.673474
                   162.2                       64.447937
               162.39999                       65.278323
               162.60001                        66.16555
                   162.8                        67.11082
                     163                       68.115174
                   163.2                        69.17974
               163.39999                       70.305731
               163.60001                       71.494398
                   163.8                       72.747166
                     164                       74.065468
                   164.2                       75.451058
               164.39999                       76.905641
               164.60001                        78.43153
                   164.8                       80.030644
                     165                       81.705718
                   165.2                       83.459374
               165.39999                       85.294733
               165.60001                       87.215019
                   165.8                       89.223809
                     166                       91.324543
                   166.2                       93.521608
               166.39999                       95.818877
               166.60001                       98.220323
                   166.8                       100.73018
                     167                       103.35223
                   167.2                       106.09018
               167.39999                       108.94732
               167.60001                        111.9259
                   167.8                       115.02813
                     168                       118.25453
                   168.2                       121.60443
               168.39999                        125.0759
               168.60001                       128.66531
                   168.8                        132.3669
                     169                       136.17218
                   169.2                       140.07088
               169.39999                       144.04934
               169.60001                        148.0923
                   169.8                       152.18063
                     170                       156.29329
                   170.2                       160.40535
               170.39999                       164.49088
               170.60001                       168.52082
                   170.8                       172.46561
                     171                       176.29345
                   171.2                       179.97294
               171.39999                       183.47311
               171.60001                       186.76306
                   171.8                       189.81431
                     172                       192.60088
                   172.2                       195.09944
               172.39999                       197.28958
               172.60001                       199.15607
                   172.8                        200.6865
                     173                       201.87356
                   173.2                       202.71402
               173.39999                       203.20819
               173.60001                       203.36116
                   173.8                       203.18137
                     174                       202.68051
                   174.2                       201.87348
               174.39999                       200.77757
               174.60001                        199.4121
                   174.8                       197.79845
                     175                       195.95893
                   175.2                       193.91693
               175.39999                       191.69634
               175.60001                       189.32115
                   175.8                       186.81516
                     176                       184.20166
                   176.2                       181.50317
               176.39999                       178.74118
               176.60001                       175.93591
                   176.8                       173.10629
                     177                       170.26976
                   177.2                       167.44214
               177.39999                       164.63765
               177.60001                       161.86883
                   177.8                        159.1467
                     178                        156.4807
                   178.2                       153.87882
               178.39999                       151.34758
               178.60001                       148.89226
                   178.8                       146.51696
                     179                       144.22471
                   179.2                       142.01756
               179.39999                       139.89677
               179.60001                       137.86288
                   179.8                        135.9158
                     180                       134.05492
                   180.2                       132.27927
               180.39999                        130.5875
               180.60001                       128.97804
                   180.8                       127.44914
                     181                       125.99891
                   181.2                       124.62544
               181.39999                       123.32677
               181.60001                       122.10095
                   181.8                       120.94615
                     182                       119.86049
                   182.2                       118.84232
               182.39999                       117.89005
               182.60001                       117.00219
                   182.8                       116.17735
                     183                        115.4144
                   183.2                       114.71215
               183.39999                       114.06977
               183.60001                       113.48621
                   183.8                       112.96094
                     184                       112.49333
                   184.2                       112.08274
               184.39999                       111.72898
               184.60001                       111.43157
                   184.8                       111.19042
                     185                       111.00533
                   185.2                       110.87647
               185.39999                       110.80362
               185.60001                       110.78732
                   185.8                       110.82767
                     186                       110.92508
                   186.2                       111.08006
               186.39999                       111.29327
               186.60001                       111.56557
                   186.8                       111.89796
                     187                       112.29148
                   187.2                        112.7478
               187.39999                       113.26794
               187.60001                        113.8543
                   187.8                       114.50914
                     188                       115.23411
                   188.2                       116.03256
               188.39999                       116.90752
               188.60001                       117.86255
                   188.8                       118.90117
                     189                       120.02838
                   189.2                       121.24832
               189.39999                       122.56713
               189.60001                       123.99019
                   189.8                       125.52431
                     190                       127.17676
                   190.2                       128.95501
               190.39999                       130.86835
               190.60001                       132.92547
                   190.8                       135.13709
                     191                       137.51451
                   191.2                       140.06907
               191.39999                       142.81509
               191.60001                       145.76598
                   191.8                       148.93746
                     192                       152.34657
                   192.2                       156.01177
               192.39999                       159.95296
               192.60001                       164.19103
                   192.8                        168.7503
                     193                        173.6557
                   193.2                       178.93335
               193.39999                       184.61398
               193.60001                       190.72986
                   193.8                       197.31311
                     194                       204.40179
                   194.2                       212.03365
               194.39999                       220.24911
               194.60001                       229.09011
                   194.8                       238.60282
                     195                       248.82979
                   195.2                       259.81501
               195.39999                       271.60308
               195.60001                        284.2298
                   195.8                       297.72987
                     196                       312.12464
                   196.2                       327.42845
               196.39999                        343.6282
               196.60001                       360.69561
                   196.8                       378.56987
                     197                       397.15829
                   197.2                       416.31356
               197.39999                       435.85703
               197.60001                       455.54528
                   197.8                       475.08614
                     198                       494.13311
                   198.2                       512.31047
               198.39999                       529.19796
               198.60001                       544.37812
                   198.8                       557.44494
                     199                       568.04374
                   199.2                       575.88402
               199.39999                       580.77251
               199.60001                       582.62284
                   199.8                       581.46157
                     200                       577.42484
                   200.2                       570.74169
               200.39999                       561.71361
               200.60001                       550.69032
                   200.8                       538.04337
                     201                       524.14614
                   201.2                        509.3535
               201.39999                       493.99046
               201.60001                       478.34581
                   201.8                       462.66343
                     202                       447.14677
                   202.2                       431.95591
               202.39999                       417.21949
               202.60001                       403.03239
                   202.8                       389.45916
                     203                       376.54693
                   203.2                       364.32249
               203.39999                       352.79554
               203.60001                       341.96815
                   203.8                       331.83016
                     204                       322.36847
                   204.2                       313.56581
               204.39999                       305.39778
               204.60001                       297.84033
                   204.8                       290.86974
                     205                       284.45982
                   205.2                       278.58641
               205.39999                        273.2229
               205.60001                       268.34735
                   205.8                       263.93489
                     206                       259.96603
                   206.2                       256.41871
               206.39999                       253.27502
               206.60001                       250.51615
                   206.8                       248.12687
                     207                       246.09087
                   207.2                       244.39607
               207.39999                        243.0286
               207.60001                       241.97821
                   207.8                        241.2349
                     208                       240.78909
                   208.2                       240.63378
               208.39999                       240.76165
               208.60001                       241.16665
                   208.8                       241.84452
                     209                        242.7906
                   209.2                       244.00143
               209.39999                       245.47421
               209.60001                       247.20671
                   209.8                       249.19737
                     210                       251.44473
                   210.2                       253.94811
               210.39999                       256.70642
               210.60001                        259.7197
                   210.8                       262.98734
                     211                        266.5092
                   211.2                       270.28512
               211.39999                       274.31486
               211.60001                       278.59806
                   211.8                       283.13454
                     212                        287.9237
                   212.2                       292.96518
               212.39999                        298.2584
               212.60001                       303.80289
                   212.8                       309.59856
                     213                        315.6449
                   213.2                       321.94235
               213.39999                       328.49155
               213.60001                       335.29339
                   213.8                       342.34991
                     214                       349.66332
                   214.2                        357.2373
               214.39999                       365.07552
               214.60001                       373.18268
                   214.8                       381.56413
                     215                       390.22564
                   215.2                       399.17271
               215.39999                       408.41042
               215.60001                        417.9433
                   215.8                       427.77333
                     216                       437.90086
                   216.2                       448.32168
               216.39999                       459.02668
               216.60001                       470.00082
                   216.8                       481.21995
                     217                       492.65041
                   217.2                       504.24567
               217.39999                       515.94496
               217.60001                       527.66985
                   217.8                       539.32318
                     218                       550.78561
                   218.2                       561.91397
               218.39999                       572.54099
               218.60001                       582.47422
                   218.8                       591.49893
                     219                       599.37813
                   219.2                       605.86213
               219.39999                       610.69097
               219.60001                        613.6135
                   219.8                       614.39079
                     220                       612.81662
                   220.2                       608.73031
               220.39999                       602.03773
               220.60001                        592.7033
                   220.8                       580.78367
                     221                       566.40929
                   221.2                       549.79962
               221.39999                       531.21981
               221.60001                       511.01599
                   221.8                       489.54146
                     222                       467.17559
                   222.2                           444.3
               222.39999                       421.25323
               222.60001                        398.3594
                   222.8                       375.88702
                     223                       354.06422
                   223.2                       333.06691
               223.39999                       313.02438
               223.60001                       294.02684
                   223.8                       276.12167
                     224                       259.32622
                   224.2                       243.63369
               224.39999                       229.02274
               224.60001                        215.4452
                   224.8                       202.85296
                     225                       191.18967
                   225.2                       180.38867
               225.39999                       170.39152
               225.60001                       161.13399
                   225.8                        152.5553
                     226                       144.60151
                   226.2                       137.21692
               226.39999                       130.35376
               226.60001                       123.96781
                   226.8                       118.01917
                     227                       112.47184
                   227.2                       107.29676
               227.39999                        102.4664
               227.60001                       97.957632
                   227.8                       93.751135
                     228                       89.829504
                   228.2                       86.179295
               228.39999                       82.787514
               228.60001                       79.645533
                   228.8                       76.742761
                     229                       74.071404
                   229.2                       71.623807
               229.39999                        69.39399
               229.60001                       67.373068
                   229.8                       65.554337
                     230                       63.931183
                   230.2                       62.493951
               230.39999                       61.235877
               230.60001                        60.14719
                   230.8                       59.219715
                     231                       58.442967
                   231.2                       57.807992
               231.39999                       57.304732
               231.60001                       56.922491
                   231.8                       56.652111
                     232                       56.482878
                   232.2                       56.405137
               232.39999                        56.40856
               232.60001                       56.483903
                   232.8                       56.622423
                     233                        56.81459
                   233.2                       57.052385
               233.39999                        57.32799
               233.60001                        57.63356
                   233.8                       57.963253
                     234                       58.310342
                   234.2                       58.669944
               234.39999                       59.036683
               234.60001                        59.40665
                   234.8                        59.77685
                     235                       60.143739
                   235.2                        60.50589
               235.39999                       60.861677
               235.60001                       61.209736
                   235.8                       61.549819
                     236                       61.881623
                   236.2                       62.205552
               236.39999                       62.522068
               236.60001                       62.832133
                   236.8                       63.135898
                     237                       63.434866
                   237.2                       63.729797
               237.39999                       64.021201
               237.60001                       64.309938
                   237.8                       64.596484
                     238                       64.881173
                   238.2                       65.164112
               238.39999                       65.445597
               238.60001                       65.725299
                   238.8                       66.003108
                     239                       66.278491
                   239.2                       66.551555
               239.39999                       66.821436
               239.60001                       67.087993
                   239.8                       67.351204
                     240                       67.610541
                   240.2                       67.866025
               240.39999                        68.11841
               240.60001                       68.366919
                   240.8                        68.61309
                     241                       68.856906
                   241.2                       69.099328
               241.39999                       69.341093
               241.60001                       69.583084
                   241.8                       69.826421
                     242                       70.071737
                   242.2                       70.319846
               242.39999                       70.571562
               242.60001                       70.827473
                   242.8                       71.087613
                     243                       71.351997
                   243.2                       71.620618
               243.39999                       71.892999
               243.60001                       72.168146
                   243.8                       72.445199
                     244                       72.723122
                   244.2                       73.000384
               244.39999                       73.275685
               244.60001                       73.547383
                   244.8                       73.814226
                     245                       74.074814
                   245.2                       74.327677
               245.39999                       74.571792
               245.60001                       74.806879
                   245.8                       75.032364
                     246                       75.248142
                   246.2                       75.455086
               246.39999                       75.653742
               246.60001                       75.845714
                   246.8                       76.032269
                     247                       76.216056
                   247.2                       76.399193
               247.39999                       76.584081
               247.60001                       76.773606
                   247.8                       76.970393
                     248                       77.177226
                   248.2                       77.396957
               248.39999                        77.63159
               248.60001                       77.883302
                   248.8                       78.153651
                     249                        78.44397
                   249.2                       78.755241
               249.39999                       79.087765
               249.60001                        79.44137
                   249.8                       79.815381
                     250                       80.208759

